~PPlus Deluxe (Version 10.3R, SN:160)
~(c) 2018 G & J Electronics Inc.
~Results File Name: c:\Barostat\results\1001 082421-19.dat
~Experiment Date: 08-24-2021
~Distension Type: AML
~Protocol: TEA Study Protocol
~Name: 1001 082421
~Date of Birth: 
~Sex: Female
~Weight/Height: 
~Doctor/Nurse: 
~Comment: 
~Index, Time, P1, V1, V1corrected, P2, V2, V2corrected, KeyCode, Distension, PromptTime, Comments and Flags
1, 15:03:01, 7.4, 0.0, -13.7, 0.0, 0.0, 0.0, 0, 10500, 0,  Start; Distension=1; 
2, 15:03:01, 7.4, 0.0, -13.8, 0.0, 0.0, 0.0, 0, 1, 0, Status:C .804 / .804 /2/2/ 3 / 1563 / 1620 / 0 ; 
3, 15:03:02, 7.2, 0.0, -13.4, 0.0, 0.0, 0.0, 0, 1, 0, Status:J 1 /61/100/ 1 / 1 /0.3/0.3/ 0 / 1 ; 
4, 15:03:02, 7.1, 0.0, -13.3, 0.0, 0.0, 0.0, 763, 1, 0,  VAS Calibration:61; 
5, 15:03:02, 7.4, 0.0, -13.7, 0.0, 0.0, 0.0, 0, 1, 0, 
6, 15:03:02, 5.1, -7.2, -16.7, 0.0, 0.0, 0.0, 0, 1, 0, 
7, 15:03:03, 5.1, -7.2, -16.8, 0.0, 0.0, 0.0, 0, 1, 0, 
8, 15:03:04, 5.1, -7.2, -16.8, 0.0, 0.0, 0.0, 0, 1, 0, 
9, 15:03:05, 5.0, -8.8, -18.1, 0.0, 0.0, 0.0, 0, 1, 0, 
10, 15:03:06, 4.9, -8.8, -17.9, 0.0, 0.0, 0.0, 0, 1, 0, 
11, 15:03:07, 4.8, -8.8, -17.7, 0.0, 0.0, 0.0, 0, 1, 0, 
12, 15:03:08, 5.0, -8.8, -18.2, 0.0, 0.0, 0.0, 0, 1, 0, 
13, 15:03:09, 4.8, -8.8, -17.9, 0.0, 0.0, 0.0, 0, 1, 0, 
14, 15:03:10, 5.0, -8.0, -17.3, 0.0, 0.0, 0.0, 0, 1, 0, 
15, 15:03:11, 5.0, -8.0, -17.4, 0.0, 0.0, 0.0, 0, 1, 0, 
16, 15:03:12, 5.0, -8.8, -18.2, 0.0, 0.0, 0.0, 0, 1, 0, 
17, 15:03:13, 5.0, -8.8, -18.2, 0.0, 0.0, 0.0, 0, 1, 0, 
18, 15:03:14, 4.9, -8.8, -18.0, 0.0, 0.0, 0.0, 0, 1, 0, 
19, 15:03:15, 4.9, -8.8, -18.0, 0.0, 0.0, 0.0, 0, 1, 0, 
20, 15:03:16, 5.2, -8.8, -18.6, 0.0, 0.0, 0.0, 0, 1, 0, 
21, 15:03:17, 5.0, -8.8, -18.2, 0.0, 0.0, 0.0, 0, 1, 0, 
22, 15:03:18, 4.8, -8.8, -17.9, 0.0, 0.0, 0.0, 0, 1, 20,  Prompt ON; 
23, 15:03:19, 4.9, -8.8, -18.0, 0.0, 0.0, 0.0, 0, 1, 0, 
24, 15:03:20, 5.2, -8.8, -18.6, 0.0, 0.0, 0.0, 0, 1, 0, 
25, 15:03:21, 5.0, -8.8, -18.1, 0.0, 0.0, 0.0, 0, 1, 0, 
26, 15:03:22, 4.9, -8.8, -17.9, 0.0, 0.0, 0.0, 0, 1, 0, 
27, 15:03:23, 5.2, -8.8, -18.5, 0.0, 0.0, 0.0, 0, 1, 0, 
28, 15:03:24, 4.9, -8.8, -17.9, 0.0, 0.0, 0.0, 0, 1, 0, 
29, 15:03:25, 4.9, -7.2, -16.4, 0.0, 0.0, 0.0, 0, 1, 0, 
30, 15:03:26, 4.7, -7.2, -16.1, 0.0, 0.0, 0.0, 0, 1, 0, 
31, 15:03:27, 4.8, -7.2, -16.1, 0.0, 0.0, 0.0, 0, 1, 0, 
32, 15:03:29, 5.0, -7.2, -16.6, 0.0, 0.0, 0.0, 0, 10000, 0,  Distension=2; 
33, 15:03:29, 5.0, -7.2, -16.5, 0.0, 0.0, 0.0, 0, 2, 0, 
34, 15:03:30, 0.1, -21.7, -21.9, 0.0, 0.0, 0.0, 0, 2, 0, 
35, 15:03:31, 0.2, -23.3, -23.7, 0.0, 0.0, 0.0, 0, 2, 0, 
36, 15:03:32, 0.0, -24.1, -24.2, 0.0, 0.0, 0.0, 0, 2, 0, 
37, 15:03:33, -0.0, -24.1, -24.1, 0.0, 0.0, 0.0, 0, 2, 0, 
38, 15:03:34, 0.3, -24.1, -24.7, 0.0, 0.0, 0.0, 0, 2, 0, 
39, 15:03:35, 0.2, -24.9, -25.3, 0.0, 0.0, 0.0, 0, 2, 0, 
40, 15:03:36, 0.0, -24.9, -25.0, 0.0, 0.0, 0.0, 0, 2, 0, 
41, 15:03:37, 0.2, -24.9, -25.3, 0.0, 0.0, 0.0, 0, 2, 0, 
42, 15:03:38, 0.0, -24.1, -24.2, 0.0, 0.0, 0.0, 0, 2, 0, 
43, 15:03:39, 0.1, -24.1, -24.4, 0.0, 0.0, 0.0, 0, 2, 0, 
44, 15:03:40, 0.1, -24.1, -24.4, 0.0, 0.0, 0.0, 0, 2, 0, 
45, 15:03:41, -0.2, -26.5, -26.2, 0.0, 0.0, 0.0, 0, 2, 0, 
46, 15:03:42, -0.1, -26.5, -26.4, 0.0, 0.0, 0.0, 0, 2, 0, 
47, 15:03:43, -0.1, -26.5, -26.4, 0.0, 0.0, 0.0, 0, 2, 0, 
48, 15:03:44, 0.1, -26.5, -26.8, 0.0, 0.0, 0.0, 0, 2, 0, 
49, 15:03:45, 0.0, -27.3, -27.4, 0.0, 0.0, 0.0, 0, 2, 0, 
50, 15:03:46, -0.3, -27.3, -26.9, 0.0, 0.0, 0.0, 0, 2, 0, 
51, 15:03:47, -0.3, -27.3, -26.8, 0.0, 0.0, 0.0, 0, 2, 0, 
52, 15:03:48, -0.2, -27.3, -27.0, 0.0, 0.0, 0.0, 0, 2, 0, 
53, 15:03:49, -0.0, -27.3, -27.3, 0.0, 0.0, 0.0, 0, 2, 0, 
54, 15:03:50, -0.2, -27.3, -27.0, 0.0, 0.0, 0.0, 0, 2, 0, 
55, 15:03:51, -0.2, -27.3, -27.1, 0.0, 0.0, 0.0, 0, 2, 0, 
56, 15:03:52, -0.0, -27.3, -27.3, 0.0, 0.0, 0.0, 0, 2, 0, 
57, 15:03:53, -0.0, -27.3, -27.3, 0.0, 0.0, 0.0, 0, 2, 0, 
58, 15:03:54, -0.1, -27.3, -27.1, 0.0, 0.0, 0.0, 0, 2, 0, 
59, 15:03:55, -0.1, -27.3, -27.2, 0.0, 0.0, 0.0, 0, 2, 0, 
60, 15:03:56, 0.2, -27.3, -27.7, 0.0, 0.0, 0.0, 0, 2, 0, 
61, 15:03:57, 0.1, -27.3, -27.6, 0.0, 0.0, 0.0, 0, 2, 0, 
62, 15:03:59, 0.3, -27.3, -27.8, 0.0, 0.0, 0.0, 0, 11000, 0,  Distension=3; 
63, 15:04:00, 0.3, -27.3, -28.0, 0.0, 0.0, 0.0, 0, 3, 0, 
64, 15:04:00, 9.0, -0.8, -17.5, 0.0, 0.0, 0.0, 0, 3, 0, 
65, 15:04:01, 9.9, 4.8, -13.4, 0.0, 0.0, 0.0, 0, 3, 0, 
66, 15:04:02, 10.1, 5.6, -13.0, 0.0, 0.0, 0.0, 0, 3, 0, 
67, 15:04:03, 10.3, 7.2, -11.8, 0.0, 0.0, 0.0, 0, 3, 0, 
68, 15:04:04, 9.8, 10.5, -7.7, 0.0, 0.0, 0.0, 0, 3, 0, 
69, 15:04:05, 9.7, 11.3, -6.7, 0.0, 0.0, 0.0, 0, 3, 0, 
70, 15:04:06, 10.2, 9.6, -9.3, 0.0, 0.0, 0.0, 0, 3, 0, 
71, 15:04:07, 10.1, 11.3, -7.4, 0.0, 0.0, 0.0, 0, 3, 0, 
72, 15:04:08, 9.8, 12.9, -5.3, 0.0, 0.0, 0.0, 0, 3, 0, 
73, 15:04:09, 10.3, 14.5, -4.7, 0.0, 0.0, 0.0, 0, 3, 0, 
74, 15:04:10, 10.0, 13.7, -4.9, 0.0, 0.0, 0.0, 0, 3, 0, 
75, 15:04:11, 9.7, 15.3, -2.7, 0.0, 0.0, 0.0, 0, 3, 0, 
76, 15:04:12, 10.1, 18.5, -0.2, 0.0, 0.0, 0.0, 0, 3, 0, 
77, 15:04:13, 9.9, 18.5, 0.1, 0.0, 0.0, 0.0, 0, 3, 0, 
78, 15:04:14, 10.0, 16.9, -1.6, 0.0, 0.0, 0.0, 0, 3, 0, 
79, 15:04:15, 10.3, 20.1, 1.0, 0.0, 0.0, 0.0, 0, 3, 0, 
80, 15:04:16, 9.6, 19.3, 1.4, 0.0, 0.0, 0.0, 0, 3, 0, 
81, 15:04:17, 10.2, 20.9, 2.1, 0.0, 0.0, 0.0, 0, 3, 0, 
82, 15:04:18, 10.2, 19.3, 0.4, 0.0, 0.0, 0.0, 0, 3, 20,  Prompt ON; 
83, 15:04:19, 9.7, 20.1, 2.2, 0.0, 0.0, 0.0, 0, 3, 0, 
84, 15:04:20, 9.7, 21.7, 3.7, 0.0, 0.0, 0.0, 0, 3, 0, 
85, 15:04:21, 10.3, 21.7, 2.7, 0.0, 0.0, 0.0, 0, 3, 0, 
86, 15:04:22, 9.8, 21.7, 3.6, 0.0, 0.0, 0.0, 0, 3, 0, 
87, 15:04:23, 9.8, 24.9, 6.7, 0.0, 0.0, 0.0, 0, 3, 0, 
88, 15:04:24, 10.3, 26.5, 7.5, 0.0, 0.0, 0.0, 0, 3, 0, 
89, 15:04:25, 10.2, 24.9, 6.1, 0.0, 0.0, 0.0, 0, 3, 0, 
90, 15:04:26, 9.8, 24.1, 5.9, 0.0, 0.0, 0.0, 0, 3, 0, 
91, 15:04:27, 9.8, 24.9, 6.9, 0.0, 0.0, 0.0, 0, 3, 0, 
92, 15:04:29, 10.0, 24.9, 6.4, 0.0, 0.0, 0.0, 0, 10000, 0,  Distension=4; 
93, 15:04:29, 9.9, 24.9, 6.6, 0.0, 0.0, 0.0, 0, 4, 0, 
94, 15:04:30, 1.4, -4.8, -7.6, 0.0, 0.0, 0.0, 0, 4, 0, 
95, 15:04:31, 0.4, -14.5, -15.2, 0.0, 0.0, 0.0, 0, 4, 0, 
96, 15:04:32, 0.2, -20.1, -20.4, 0.0, 0.0, 0.0, 0, 4, 0, 
97, 15:04:33, 0.1, -20.1, -20.3, 0.0, 0.0, 0.0, 0, 4, 0, 
98, 15:04:34, 0.3, -20.1, -20.6, 0.0, 0.0, 0.0, 0, 4, 0, 
99, 15:04:35, 0.2, -20.1, -20.6, 0.0, 0.0, 0.0, 0, 4, 0, 
100, 15:04:36, 0.2, -21.7, -22.1, 0.0, 0.0, 0.0, 0, 4, 0, 
101, 15:04:37, 0.1, -22.5, -22.7, 0.0, 0.0, 0.0, 0, 4, 0, 
102, 15:04:38, -0.1, -22.5, -22.4, 0.0, 0.0, 0.0, 0, 4, 0, 
103, 15:04:39, 0.1, -22.5, -22.7, 0.0, 0.0, 0.0, 0, 4, 0, 
104, 15:04:40, 0.2, -24.1, -24.5, 0.0, 0.0, 0.0, 0, 4, 0, 
105, 15:04:41, -0.2, -25.7, -25.3, 0.0, 0.0, 0.0, 0, 4, 0, 
106, 15:04:42, 0.0, -24.1, -24.2, 0.0, 0.0, 0.0, 0, 4, 0, 
107, 15:04:43, 0.0, -24.1, -24.2, 0.0, 0.0, 0.0, 0, 4, 0, 
108, 15:04:44, -0.1, -25.7, -25.6, 0.0, 0.0, 0.0, 0, 4, 0, 
109, 15:04:45, 0.2, -25.7, -26.1, 0.0, 0.0, 0.0, 0, 4, 0, 
110, 15:04:46, -0.0, -25.7, -25.7, 0.0, 0.0, 0.0, 0, 4, 0, 
111, 15:04:47, -0.1, -25.7, -25.6, 0.0, 0.0, 0.0, 0, 4, 0, 
112, 15:04:48, 0.2, -25.7, -26.1, 0.0, 0.0, 0.0, 0, 4, 0, 
113, 15:04:49, -0.1, -25.7, -25.6, 0.0, 0.0, 0.0, 0, 4, 0, 
114, 15:04:50, -0.3, -25.7, -25.3, 0.0, 0.0, 0.0, 0, 4, 0, 
115, 15:04:51, -0.2, -25.7, -25.3, 0.0, 0.0, 0.0, 0, 4, 0, 
116, 15:04:52, 0.1, -25.7, -25.9, 0.0, 0.0, 0.0, 0, 4, 0, 
117, 15:04:53, 0.1, -25.7, -26.0, 0.0, 0.0, 0.0, 0, 4, 0, 
118, 15:04:54, -0.0, -25.7, -25.7, 0.0, 0.0, 0.0, 0, 4, 0, 
119, 15:04:55, -0.0, -25.7, -25.7, 0.0, 0.0, 0.0, 0, 4, 0, 
120, 15:04:56, 0.3, -25.7, -26.2, 0.0, 0.0, 0.0, 0, 4, 0, 
121, 15:04:57, -0.1, -27.3, -27.1, 0.0, 0.0, 0.0, 0, 4, 0, 
122, 15:04:59, -0.3, -27.3, -26.8, 0.0, 0.0, 0.0, 0, 11500, 0,  Distension=5; 
123, 15:05:00, -0.3, -27.3, -26.8, 0.0, 0.0, 0.0, 0, 5, 0, 
124, 15:05:00, 8.4, 3.2, -12.4, 0.0, 0.0, 0.0, 0, 5, 0, 
125, 15:05:01, 13.9, 28.1, 2.7, 0.0, 0.0, 0.0, 0, 5, 0, 
126, 15:05:02, 14.8, 41.0, 13.8, 0.0, 0.0, 0.0, 0, 5, 0, 
127, 15:05:03, 15.0, 45.8, 18.3, 0.0, 0.0, 0.0, 0, 5, 0, 
128, 15:05:04, 15.0, 45.8, 18.3, 0.0, 0.0, 0.0, 0, 5, 0, 
129, 15:05:05, 14.9, 45.0, 17.6, 0.0, 0.0, 0.0, 0, 5, 0, 
130, 15:05:06, 14.8, 46.6, 19.5, 0.0, 0.0, 0.0, 0, 5, 0, 
131, 15:05:07, 14.7, 48.2, 21.2, 0.0, 0.0, 0.0, 0, 5, 0, 
132, 15:05:08, 15.1, 48.2, 20.6, 0.0, 0.0, 0.0, 0, 5, 0, 
133, 15:05:09, 14.8, 48.2, 21.1, 0.0, 0.0, 0.0, 0, 5, 0, 
134, 15:05:10, 14.6, 51.5, 24.5, 0.0, 0.0, 0.0, 0, 5, 0, 
135, 15:05:11, 14.9, 54.7, 27.4, 0.0, 0.0, 0.0, 0, 5, 0, 
136, 15:05:12, 15.1, 54.7, 27.0, 0.0, 0.0, 0.0, 0, 5, 0, 
137, 15:05:13, 14.8, 55.5, 28.4, 0.0, 0.0, 0.0, 0, 5, 0, 
138, 15:05:14, 14.7, 58.7, 31.7, 0.0, 0.0, 0.0, 0, 5, 0, 
139, 15:05:15, 14.6, 61.1, 34.2, 0.0, 0.0, 0.0, 0, 5, 0, 
140, 15:05:16, 15.0, 61.1, 33.6, 0.0, 0.0, 0.0, 0, 5, 0, 
141, 15:05:17, 14.9, 61.1, 33.7, 0.0, 0.0, 0.0, 0, 5, 0, 
142, 15:05:18, 14.7, 62.7, 35.7, 0.0, 0.0, 0.0, 0, 5, 20,  Prompt ON; 
143, 15:05:19, 15.0, 64.3, 36.9, 0.0, 0.0, 0.0, 0, 5, 0, 
144, 15:05:20, 14.8, 64.3, 37.1, 0.0, 0.0, 0.0, 0, 5, 0, 
145, 15:05:21, 15.0, 65.9, 38.3, 0.0, 0.0, 0.0, 0, 5, 0, 
146, 15:05:22, 14.9, 67.5, 40.1, 0.0, 0.0, 0.0, 0, 5, 0, 
147, 15:05:23, 14.9, 67.5, 40.2, 0.0, 0.0, 0.0, 0, 5, 0, 
148, 15:05:24, 14.9, 67.5, 40.2, 0.0, 0.0, 0.0, 0, 5, 0, 
149, 15:05:25, 14.6, 69.9, 43.0, 0.0, 0.0, 0.0, 0, 5, 0, 
150, 15:05:26, 15.2, 71.6, 43.7, 0.0, 0.0, 0.0, 0, 5, 0, 
151, 15:05:27, 15.0, 70.8, 43.2, 0.0, 0.0, 0.0, 0, 5, 0, 
152, 15:05:29, 14.9, 72.4, 45.1, 0.0, 0.0, 0.0, 0, 10000, 0,  Distension=6; 
153, 15:05:29, 14.6, 72.4, 45.5, 0.0, 0.0, 0.0, 0, 6, 0, 
154, 15:05:30, 5.0, 36.2, 26.8, 0.0, 0.0, 0.0, 0, 6, 0, 
155, 15:05:31, 3.0, 4.8, -0.9, 0.0, 0.0, 0.0, 0, 6, 0, 
156, 15:05:32, 0.0, -12.1, -12.2, 0.0, 0.0, 0.0, 0, 6, 0, 
157, 15:05:33, 0.2, -13.7, -14.0, 0.0, 0.0, 0.0, 0, 6, 0, 
158, 15:05:34, 0.2, -15.3, -15.7, 0.0, 0.0, 0.0, 0, 6, 0, 
159, 15:05:35, 0.1, -19.3, -19.5, 0.0, 0.0, 0.0, 0, 6, 0, 
160, 15:05:36, 0.3, -20.1, -20.6, 0.0, 0.0, 0.0, 0, 6, 0, 
161, 15:05:37, -0.0, -20.1, -20.1, 0.0, 0.0, 0.0, 0, 6, 0, 
162, 15:05:38, 0.0, -20.1, -20.2, 0.0, 0.0, 0.0, 0, 6, 0, 
163, 15:05:39, 0.4, -20.1, -20.8, 0.0, 0.0, 0.0, 0, 6, 0, 
164, 15:05:40, -0.3, -24.1, -23.5, 0.0, 0.0, 0.0, 0, 6, 0, 
165, 15:05:41, -0.2, -23.3, -23.0, 0.0, 0.0, 0.0, 0, 6, 0, 
166, 15:05:42, -0.1, -22.5, -22.3, 0.0, 0.0, 0.0, 0, 6, 0, 
167, 15:05:43, 0.1, -22.5, -22.7, 0.0, 0.0, 0.0, 0, 6, 0, 
168, 15:05:44, -0.1, -24.9, -24.8, 0.0, 0.0, 0.0, 0, 6, 0, 
169, 15:05:45, -0.2, -24.9, -24.5, 0.0, 0.0, 0.0, 0, 6, 0, 
170, 15:05:46, -0.0, -24.1, -24.1, 0.0, 0.0, 0.0, 0, 6, 0, 
171, 15:05:47, -0.1, -24.1, -23.9, 0.0, 0.0, 0.0, 0, 6, 0, 
172, 15:05:48, -0.2, -25.7, -25.4, 0.0, 0.0, 0.0, 0, 6, 0, 
173, 15:05:49, -0.1, -25.7, -25.6, 0.0, 0.0, 0.0, 0, 6, 0, 
174, 15:05:50, -0.2, -25.7, -25.4, 0.0, 0.0, 0.0, 0, 6, 0, 
175, 15:05:51, -0.0, -25.7, -25.7, 0.0, 0.0, 0.0, 0, 6, 0, 
176, 15:05:52, -0.1, -25.7, -25.6, 0.0, 0.0, 0.0, 0, 6, 0, 
177, 15:05:53, -0.1, -24.1, -23.9, 0.0, 0.0, 0.0, 0, 6, 0, 
178, 15:05:54, -0.1, -24.1, -23.9, 0.0, 0.0, 0.0, 0, 6, 0, 
179, 15:05:55, 0.4, -24.1, -24.9, 0.0, 0.0, 0.0, 0, 6, 0, 
180, 15:05:56, -0.2, -26.5, -26.2, 0.0, 0.0, 0.0, 0, 6, 0, 
181, 15:05:57, -0.0, -24.9, -24.9, 0.0, 0.0, 0.0, 0, 6, 0, 
182, 15:05:59, -0.1, -24.9, -24.8, 0.0, 0.0, 0.0, 0, 12000, 0,  Distension=7; 
183, 15:06:00, 0.4, -24.9, -25.6, 0.0, 0.0, 0.0, 0, 7, 0, 
184, 15:06:00, 7.8, 4.8, -9.7, 0.0, 0.0, 0.0, 0, 7, 0, 
185, 15:06:01, 13.3, 47.4, 22.9, 0.0, 0.0, 0.0, 0, 7, 0, 
186, 15:06:02, 18.9, 76.4, 41.8, 0.0, 0.0, 0.0, 0, 7, 0, 
187, 15:06:03, 19.7, 82.0, 46.0, 0.0, 0.0, 0.0, 0, 7, 0, 
188, 15:06:04, 19.9, 83.6, 47.3, 0.0, 0.0, 0.0, 0, 7, 0, 
189, 15:06:05, 20.2, 84.4, 47.7, 0.0, 0.0, 0.0, 0, 7, 0, 
190, 15:06:06, 19.8, 82.8, 46.7, 0.0, 0.0, 0.0, 0, 7, 0, 
191, 15:06:07, 19.7, 80.4, 44.4, 0.0, 0.0, 0.0, 0, 7, 0, 
192, 15:06:08, 19.9, 82.0, 45.8, 0.0, 0.0, 0.0, 0, 7, 0, 
193, 15:06:09, 19.6, 87.6, 52.0, 0.0, 0.0, 0.0, 0, 7, 0, 
194, 15:06:10, 19.7, 91.7, 55.6, 0.0, 0.0, 0.0, 0, 7, 0, 
195, 15:06:11, 19.8, 91.7, 55.5, 0.0, 0.0, 0.0, 0, 7, 0, 
196, 15:06:12, 19.6, 94.1, 58.4, 0.0, 0.0, 0.0, 0, 7, 0, 
197, 15:06:13, 19.6, 101.3, 65.5, 0.0, 0.0, 0.0, 0, 7, 0, 
198, 15:06:14, 20.0, 108.5, 72.0, 0.0, 0.0, 0.0, 0, 7, 0, 
199, 15:06:15, 20.1, 110.1, 73.5, 0.0, 0.0, 0.0, 0, 7, 0, 
200, 15:06:16, 19.8, 110.1, 74.0, 0.0, 0.0, 0.0, 0, 7, 0, 
201, 15:06:17, 20.0, 114.2, 77.7, 0.0, 0.0, 0.0, 0, 7, 0, 
202, 15:06:18, 20.0, 117.4, 80.9, 0.0, 0.0, 0.0, 0, 7, 20,  Prompt ON; 
203, 15:06:19, 20.1, 117.4, 80.7, 0.0, 0.0, 0.0, 0, 7, 0, 
204, 15:06:20, 20.0, 117.4, 80.9, 0.0, 0.0, 0.0, 0, 7, 0, 
205, 15:06:21, 19.7, 119.0, 83.0, 0.0, 0.0, 0.0, 0, 7, 0, 
206, 15:06:22, 19.9, 120.6, 84.4, 0.0, 0.0, 0.0, 0, 7, 0, 
207, 15:06:23, 20.0, 123.8, 87.3, 0.0, 0.0, 0.0, 0, 7, 0, 
208, 15:06:24, 19.8, 124.6, 88.6, 0.0, 0.0, 0.0, 0, 7, 0, 
209, 15:06:25, 20.2, 127.8, 91.1, 0.0, 0.0, 0.0, 0, 7, 0, 
210, 15:06:26, 20.3, 127.8, 90.8, 0.0, 0.0, 0.0, 0, 7, 0, 
211, 15:06:27, 19.9, 127.8, 91.6, 0.0, 0.0, 0.0, 0, 7, 0, 
212, 15:06:29, 19.6, 128.6, 92.8, 0.0, 0.0, 0.0, 0, 10000, 0,  Distension=8; 
213, 15:06:29, 19.6, 130.2, 94.5, 0.0, 0.0, 0.0, 0, 8, 0, 
214, 15:06:30, 8.9, 94.1, 77.5, 0.0, 0.0, 0.0, 0, 8, 0, 
215, 15:06:31, 3.6, 53.9, 47.2, 0.0, 0.0, 0.0, 0, 8, 0, 
216, 15:06:32, 3.1, 25.7, 20.0, 0.0, 0.0, 0.0, 0, 8, 0, 
217, 15:06:33, 1.5, 2.4, -0.4, 0.0, 0.0, 0.0, 0, 8, 0, 
218, 15:06:34, 0.2, -8.8, -9.3, 0.0, 0.0, 0.0, 0, 8, 0, 
219, 15:06:35, 0.3, -12.1, -12.6, 0.0, 0.0, 0.0, 0, 8, 0, 
220, 15:06:36, 0.3, -18.5, -19.1, 0.0, 0.0, 0.0, 0, 8, 0, 
221, 15:06:37, 0.0, -17.7, -17.8, 0.0, 0.0, 0.0, 0, 8, 0, 
222, 15:06:38, 0.0, -17.7, -17.8, 0.0, 0.0, 0.0, 0, 8, 0, 
223, 15:06:39, 0.4, -17.7, -18.5, 0.0, 0.0, 0.0, 0, 8, 0, 
224, 15:06:40, 0.0, -20.9, -21.0, 0.0, 0.0, 0.0, 0, 8, 0, 
225, 15:06:41, 0.2, -20.9, -21.2, 0.0, 0.0, 0.0, 0, 8, 0, 
226, 15:06:42, -0.0, -20.9, -20.9, 0.0, 0.0, 0.0, 0, 8, 0, 
227, 15:06:43, 0.0, -20.9, -21.0, 0.0, 0.0, 0.0, 0, 8, 0, 
228, 15:06:44, 0.0, -22.5, -22.6, 0.0, 0.0, 0.0, 0, 8, 0, 
229, 15:06:45, 0.3, -22.5, -23.0, 0.0, 0.0, 0.0, 0, 8, 0, 
230, 15:06:46, -0.0, -22.5, -22.5, 0.0, 0.0, 0.0, 0, 8, 0, 
231, 15:06:47, 0.0, -22.5, -22.6, 0.0, 0.0, 0.0, 0, 8, 0, 
232, 15:06:48, 0.4, -24.1, -24.8, 0.0, 0.0, 0.0, 0, 8, 0, 
233, 15:06:49, -0.1, -24.1, -23.9, 0.0, 0.0, 0.0, 0, 8, 0, 
234, 15:06:50, 0.0, -22.5, -22.6, 0.0, 0.0, 0.0, 0, 8, 0, 
235, 15:06:51, 0.1, -22.5, -22.7, 0.0, 0.0, 0.0, 0, 8, 0, 
236, 15:06:52, 0.0, -24.9, -25.0, 0.0, 0.0, 0.0, 0, 8, 0, 
237, 15:06:53, -0.2, -24.9, -24.6, 0.0, 0.0, 0.0, 0, 8, 0, 
238, 15:06:54, -0.3, -24.9, -24.4, 0.0, 0.0, 0.0, 0, 8, 0, 
239, 15:06:55, -0.2, -24.9, -24.6, 0.0, 0.0, 0.0, 0, 8, 0, 
240, 15:06:56, -0.1, -26.5, -26.4, 0.0, 0.0, 0.0, 0, 8, 0, 
241, 15:06:57, -0.2, -25.7, -25.3, 0.0, 0.0, 0.0, 0, 8, 0, 
242, 15:06:59, -0.2, -24.1, -23.7, 0.0, 0.0, 0.0, 0, 12500, 0,  Distension=9; 
243, 15:07:00, 0.0, -24.1, -24.2, 0.0, 0.0, 0.0, 0, 9, 0, 
244, 15:07:00, 8.5, 4.0, -11.8, 0.0, 0.0, 0.0, 0, 9, 0, 
245, 15:07:01, 12.6, 47.4, 24.2, 0.0, 0.0, 0.0, 0, 9, 0, 
246, 15:07:02, 16.9, 90.9, 59.8, 0.0, 0.0, 0.0, 0, 9, 0, 
247, 15:07:03, 23.5, 122.2, 79.6, 0.0, 0.0, 0.0, 0, 9, 0, 
248, 15:07:04, 25.3, 132.7, 86.9, 0.0, 0.0, 0.0, 0, 9, 0, 
249, 15:07:05, 24.8, 135.1, 90.2, 0.0, 0.0, 0.0, 0, 9, 0, 
250, 15:07:06, 25.2, 138.3, 92.7, 0.0, 0.0, 0.0, 0, 9, 0, 
251, 15:07:07, 25.2, 138.3, 92.7, 0.0, 0.0, 0.0, 0, 9, 0, 
252, 15:07:08, 25.0, 135.1, 89.7, 0.0, 0.0, 0.0, 0, 9, 0, 
253, 15:07:09, 24.9, 136.7, 91.5, 0.0, 0.0, 0.0, 0, 9, 0, 
254, 15:07:10, 24.6, 141.5, 96.8, 0.0, 0.0, 0.0, 0, 9, 0, 
255, 15:07:11, 24.8, 146.3, 101.4, 0.0, 0.0, 0.0, 0, 9, 0, 
256, 15:07:12, 25.3, 147.9, 102.1, 0.0, 0.0, 0.0, 0, 9, 0, 
257, 15:07:13, 24.3, 151.2, 107.1, 0.0, 0.0, 0.0, 0, 9, 0, 
258, 15:07:14, 24.6, 158.4, 113.8, 0.0, 0.0, 0.0, 0, 9, 0, 
259, 15:07:15, 25.2, 161.6, 116.0, 0.0, 0.0, 0.0, 0, 9, 0, 
260, 15:07:16, 25.2, 161.6, 116.0, 0.0, 0.0, 0.0, 0, 9, 0, 
261, 15:07:17, 25.0, 164.0, 118.8, 0.0, 0.0, 0.0, 0, 9, 0, 
262, 15:07:18, 24.8, 165.6, 120.7, 0.0, 0.0, 0.0, 0, 9, 20,  Prompt ON; 
263, 15:07:19, 25.0, 165.6, 120.4, 0.0, 0.0, 0.0, 0, 9, 0, 
264, 15:07:20, 25.0, 165.6, 120.4, 0.0, 0.0, 0.0, 0, 9, 0, 
265, 15:07:21, 25.1, 167.2, 121.8, 0.0, 0.0, 0.0, 0, 9, 0, 
266, 15:07:22, 25.1, 168.8, 123.4, 0.0, 0.0, 0.0, 0, 9, 0, 
267, 15:07:23, 24.4, 172.1, 127.9, 0.0, 0.0, 0.0, 0, 9, 0, 
268, 15:07:24, 25.1, 173.7, 128.1, 0.0, 0.0, 0.0, 0, 9, 0, 
269, 15:07:25, 24.7, 172.9, 128.1, 0.0, 0.0, 0.0, 0, 9, 0, 
270, 15:07:26, 24.8, 174.5, 129.5, 0.0, 0.0, 0.0, 0, 9, 0, 
271, 15:07:27, 24.7, 176.1, 131.2, 0.0, 0.0, 0.0, 0, 9, 0, 
272, 15:07:29, 25.0, 176.9, 131.5, 0.0, 0.0, 0.0, 0, 10000, 0,  Distension=10; 
273, 15:07:29, 24.2, 176.9, 132.9, 0.0, 0.0, 0.0, 0, 10, 0, 
274, 15:07:30, 13.3, 142.3, 117.8, 0.0, 0.0, 0.0, 0, 10, 0, 
275, 15:07:31, 7.1, 98.9, 85.6, 0.0, 0.0, 0.0, 0, 10, 0, 
276, 15:07:32, 4.9, 56.3, 47.1, 0.0, 0.0, 0.0, 0, 10, 0, 
277, 15:07:33, 2.1, 23.3, 19.3, 0.0, 0.0, 0.0, 0, 10, 0, 
278, 15:07:34, 1.4, 8.8, 6.1, 0.0, 0.0, 0.0, 0, 10, 0, 
279, 15:07:35, 1.1, -5.6, -7.6, 0.0, 0.0, 0.0, 0, 10, 0, 
280, 15:07:36, 0.0, -16.1, -16.2, 0.0, 0.0, 0.0, 0, 10, 0, 
281, 15:07:37, 0.2, -16.1, -16.4, 0.0, 0.0, 0.0, 0, 10, 0, 
282, 15:07:38, 0.2, -16.9, -17.3, 0.0, 0.0, 0.0, 0, 10, 0, 
283, 15:07:39, 0.2, -18.5, -18.8, 0.0, 0.0, 0.0, 0, 10, 0, 
284, 15:07:40, 0.1, -20.9, -21.2, 0.0, 0.0, 0.0, 0, 10, 0, 
285, 15:07:41, -0.1, -21.7, -21.5, 0.0, 0.0, 0.0, 0, 10, 0, 
286, 15:07:42, -0.1, -21.7, -21.6, 0.0, 0.0, 0.0, 0, 10, 0, 
287, 15:07:43, 0.1, -21.7, -21.9, 0.0, 0.0, 0.0, 0, 10, 0, 
288, 15:07:44, 0.1, -23.3, -23.5, 0.0, 0.0, 0.0, 0, 10, 0, 
289, 15:07:45, 0.1, -23.3, -23.5, 0.0, 0.0, 0.0, 0, 10, 0, 
290, 15:07:46, -0.1, -23.3, -23.2, 0.0, 0.0, 0.0, 0, 10, 0, 
291, 15:07:47, -0.0, -23.3, -23.3, 0.0, 0.0, 0.0, 0, 10, 0, 
292, 15:07:48, 0.2, -23.3, -23.7, 0.0, 0.0, 0.0, 0, 10, 0, 
293, 15:07:49, 0.0, -24.1, -24.2, 0.0, 0.0, 0.0, 0, 10, 0, 
294, 15:07:50, -0.2, -24.1, -23.8, 0.0, 0.0, 0.0, 0, 10, 0, 
295, 15:07:51, -0.2, -24.1, -23.8, 0.0, 0.0, 0.0, 0, 10, 0, 
296, 15:07:52, 0.1, -24.1, -24.4, 0.0, 0.0, 0.0, 0, 10, 0, 
297, 15:07:53, -0.0, -24.9, -24.9, 0.0, 0.0, 0.0, 0, 10, 0, 
298, 15:07:54, -0.2, -24.1, -23.8, 0.0, 0.0, 0.0, 0, 10, 0, 
299, 15:07:55, -0.1, -24.1, -24.0, 0.0, 0.0, 0.0, 0, 10, 0, 
300, 15:07:56, 0.2, -24.1, -24.5, 0.0, 0.0, 0.0, 0, 10, 0, 
301, 15:07:57, -0.2, -26.5, -26.2, 0.0, 0.0, 0.0, 0, 10, 0, 
302, 15:07:59, -0.2, -24.9, -24.6, 0.0, 0.0, 0.0, 0, 13000, 0,  Distension=11; 
303, 15:08:00, -0.2, -24.9, -24.6, 0.0, 0.0, 0.0, 0, 11, 0, 
304, 15:08:00, 6.6, 1.6, -10.7, 0.0, 0.0, 0.0, 0, 11, 0, 
305, 15:08:01, 12.4, 45.0, 22.2, 0.0, 0.0, 0.0, 0, 11, 0, 
306, 15:08:02, 14.0, 88.4, 62.7, 0.0, 0.0, 0.0, 0, 11, 0, 
307, 15:08:03, 19.4, 131.9, 96.4, 0.0, 0.0, 0.0, 0, 11, 0, 
308, 15:08:04, 28.7, 168.8, 117.1, 0.0, 0.0, 0.0, 0, 11, 0, 
309, 15:08:05, 29.7, 179.3, 125.9, 0.0, 0.0, 0.0, 0, 11, 0, 
310, 15:08:06, 29.6, 185.7, 132.5, 0.0, 0.0, 0.0, 0, 11, 0, 
311, 15:08:07, 29.9, 187.3, 133.6, 0.0, 0.0, 0.0, 0, 11, 0, 
312, 15:08:08, 29.7, 186.5, 133.1, 0.0, 0.0, 0.0, 0, 11, 0, 
313, 15:08:09, 30.3, 186.5, 131.9, 0.0, 0.0, 0.0, 0, 11, 0, 
314, 15:08:10, 29.9, 187.3, 133.5, 0.0, 0.0, 0.0, 0, 11, 0, 
315, 15:08:11, 29.9, 188.9, 135.2, 0.0, 0.0, 0.0, 0, 11, 0, 
316, 15:08:12, 30.0, 189.7, 135.7, 0.0, 0.0, 0.0, 0, 11, 0, 
317, 15:08:13, 29.8, 193.8, 140.1, 0.0, 0.0, 0.0, 0, 11, 0, 
318, 15:08:14, 29.7, 201.0, 147.5, 0.0, 0.0, 0.0, 0, 11, 0, 
319, 15:08:15, 29.8, 205.8, 152.2, 0.0, 0.0, 0.0, 0, 11, 0, 
320, 15:08:16, 29.8, 206.6, 153.0, 0.0, 0.0, 0.0, 0, 11, 0, 
321, 15:08:17, 29.7, 208.2, 154.8, 0.0, 0.0, 0.0, 0, 11, 0, 
322, 15:08:18, 30.2, 211.5, 157.1, 0.0, 0.0, 0.0, 0, 11, 20,  Prompt ON; 
323, 15:08:19, 29.9, 213.1, 159.2, 0.0, 0.0, 0.0, 0, 11, 0, 
324, 15:08:20, 30.1, 213.1, 158.9, 0.0, 0.0, 0.0, 0, 11, 0, 
325, 15:08:21, 30.0, 213.1, 159.1, 0.0, 0.0, 0.0, 0, 11, 0, 
326, 15:08:22, 30.2, 216.3, 161.9, 0.0, 0.0, 0.0, 0, 11, 0, 
327, 15:08:23, 29.9, 217.1, 163.3, 0.0, 0.0, 0.0, 0, 11, 0, 
328, 15:08:24, 30.2, 218.7, 164.4, 0.0, 0.0, 0.0, 0, 11, 0, 
329, 15:08:25, 29.8, 217.1, 163.4, 0.0, 0.0, 0.0, 0, 11, 0, 
330, 15:08:26, 29.8, 220.3, 166.7, 0.0, 0.0, 0.0, 0, 11, 0, 
331, 15:08:27, 30.0, 223.5, 169.6, 0.0, 0.0, 0.0, 0, 11, 0, 
332, 15:08:29, 30.2, 223.5, 169.2, 0.0, 0.0, 0.0, 0, 10000, 0,  Distension=12; 
333, 15:08:30, 29.9, 221.9, 168.2, 0.0, 0.0, 0.0, 0, 12, 0, 
334, 15:08:30, 18.4, 188.1, 154.6, 0.0, 0.0, 0.0, 0, 12, 0, 
335, 15:08:31, 9.4, 145.5, 128.1, 0.0, 0.0, 0.0, 0, 12, 0, 
336, 15:08:32, 6.6, 102.1, 89.8, 0.0, 0.0, 0.0, 0, 12, 0, 
337, 15:08:33, 3.9, 61.9, 54.6, 0.0, 0.0, 0.0, 0, 12, 0, 
338, 15:08:34, 2.6, 33.0, 28.1, 0.0, 0.0, 0.0, 0, 12, 0, 
339, 15:08:35, 2.0, 11.3, 7.5, 0.0, 0.0, 0.0, 0, 12, 0, 
340, 15:08:36, 1.0, -3.2, -5.1, 0.0, 0.0, 0.0, 0, 12, 0, 
341, 15:08:37, 0.0, -16.1, -16.2, 0.0, 0.0, 0.0, 0, 12, 0, 
342, 15:08:38, 0.0, -16.1, -16.1, 0.0, 0.0, 0.0, 0, 12, 0, 
343, 15:08:39, 0.0, -17.7, -17.8, 0.0, 0.0, 0.0, 0, 12, 0, 
344, 15:08:40, 0.3, -17.7, -18.2, 0.0, 0.0, 0.0, 0, 12, 0, 
345, 15:08:41, -0.1, -21.7, -21.6, 0.0, 0.0, 0.0, 0, 12, 0, 
346, 15:08:42, 0.2, -21.7, -22.1, 0.0, 0.0, 0.0, 0, 12, 0, 
347, 15:08:43, 0.1, -21.7, -21.9, 0.0, 0.0, 0.0, 0, 12, 0, 
348, 15:08:44, 0.3, -21.7, -22.3, 0.0, 0.0, 0.0, 0, 12, 0, 
349, 15:08:45, -0.1, -24.1, -23.9, 0.0, 0.0, 0.0, 0, 12, 0, 
350, 15:08:46, -0.2, -24.1, -23.8, 0.0, 0.0, 0.0, 0, 12, 0, 
351, 15:08:47, -0.2, -24.1, -23.7, 0.0, 0.0, 0.0, 0, 12, 0, 
352, 15:08:48, 0.1, -24.1, -24.3, 0.0, 0.0, 0.0, 0, 12, 0, 
353, 15:08:49, 0.1, -24.1, -24.3, 0.0, 0.0, 0.0, 0, 12, 0, 
354, 15:08:50, -0.2, -24.1, -23.8, 0.0, 0.0, 0.0, 0, 12, 0, 
355, 15:08:51, -0.3, -24.1, -23.7, 0.0, 0.0, 0.0, 0, 12, 0, 
356, 15:08:52, 0.1, -24.1, -24.4, 0.0, 0.0, 0.0, 0, 12, 0, 
357, 15:08:53, -0.0, -25.7, -25.7, 0.0, 0.0, 0.0, 0, 12, 0, 
358, 15:08:54, -0.1, -24.9, -24.8, 0.0, 0.0, 0.0, 0, 12, 0, 
359, 15:08:55, -0.1, -24.9, -24.8, 0.0, 0.0, 0.0, 0, 12, 0, 
360, 15:08:56, 0.4, -24.9, -25.6, 0.0, 0.0, 0.0, 0, 12, 0, 
361, 15:08:57, -0.2, -26.5, -26.2, 0.0, 0.0, 0.0, 0, 12, 0, 
362, 15:08:59, 0.1, -24.9, -25.1, 0.0, 0.0, 0.0, 0, 13500, 0,  Distension=13; 
363, 15:09:00, 0.0, -24.9, -25.0, 0.0, 0.0, 0.0, 0, 13, 0, 
364, 15:09:00, 8.4, 1.6, -13.9, 0.0, 0.0, 0.0, 0, 13, 0, 
365, 15:09:01, 11.4, 44.2, 23.3, 0.0, 0.0, 0.0, 0, 13, 0, 
366, 15:09:02, 13.3, 87.6, 63.1, 0.0, 0.0, 0.0, 0, 13, 0, 
367, 15:09:03, 19.0, 131.1, 96.3, 0.0, 0.0, 0.0, 0, 13, 0, 
368, 15:09:04, 26.6, 174.5, 126.4, 0.0, 0.0, 0.0, 0, 13, 0, 
369, 15:09:05, 33.5, 210.6, 150.7, 0.0, 0.0, 0.0, 0, 13, 0, 
370, 15:09:06, 34.5, 221.9, 160.2, 0.0, 0.0, 0.0, 0, 13, 0, 
371, 15:09:07, 34.8, 227.5, 165.3, 0.0, 0.0, 0.0, 0, 13, 0, 
372, 15:09:08, 35.0, 228.3, 165.7, 0.0, 0.0, 0.0, 0, 13, 0, 
373, 15:09:09, 35.4, 229.9, 166.7, 0.0, 0.0, 0.0, 0, 13, 0, 
374, 15:09:10, 35.2, 228.3, 165.4, 0.0, 0.0, 0.0, 0, 13, 0, 
375, 15:09:11, 35.3, 226.7, 163.7, 0.0, 0.0, 0.0, 0, 13, 0, 
376, 15:09:12, 34.8, 225.1, 162.9, 0.0, 0.0, 0.0, 0, 13, 0, 
377, 15:09:13, 34.7, 230.7, 168.6, 0.0, 0.0, 0.0, 0, 13, 0, 
378, 15:09:14, 34.6, 236.4, 174.4, 0.0, 0.0, 0.0, 0, 13, 0, 
379, 15:09:15, 34.8, 239.6, 177.4, 0.0, 0.0, 0.0, 0, 13, 0, 
380, 15:09:16, 34.6, 242.0, 180.1, 0.0, 0.0, 0.0, 0, 13, 0, 
381, 15:09:17, 34.4, 247.6, 186.0, 0.0, 0.0, 0.0, 0, 13, 0, 
382, 15:09:18, 35.0, 250.8, 188.3, 0.0, 0.0, 0.0, 0, 13, 20,  Prompt ON; 
383, 15:09:19, 34.7, 250.8, 188.8, 0.0, 0.0, 0.0, 0, 13, 0, 
384, 15:09:20, 34.8, 252.5, 190.3, 0.0, 0.0, 0.0, 0, 13, 0, 
385, 15:09:21, 35.0, 255.7, 193.0, 0.0, 0.0, 0.0, 0, 13, 0, 
386, 15:09:22, 35.3, 255.7, 192.6, 0.0, 0.0, 0.0, 0, 13, 0, 
387, 15:09:23, 34.8, 254.9, 192.6, 0.0, 0.0, 0.0, 0, 13, 0, 
388, 15:09:24, 35.2, 257.3, 194.3, 0.0, 0.0, 0.0, 0, 13, 0, 
389, 15:09:25, 35.0, 256.5, 193.9, 0.0, 0.0, 0.0, 0, 13, 0, 
390, 15:09:26, 34.7, 258.1, 196.0, 0.0, 0.0, 0.0, 0, 13, 0, 
391, 15:09:27, 34.7, 259.7, 197.7, 0.0, 0.0, 0.0, 0, 13, 0, 
392, 15:09:29, 34.7, 261.3, 199.2, 0.0, 0.0, 0.0, 0, 10000, 0,  Distension=14; 
393, 15:09:29, 35.2, 261.3, 198.3, 0.0, 0.0, 0.0, 0, 14, 0, 
394, 15:09:30, 23.2, 227.5, 185.4, 0.0, 0.0, 0.0, 0, 14, 0, 
395, 15:09:31, 12.2, 184.1, 161.7, 0.0, 0.0, 0.0, 0, 14, 0, 
396, 15:09:32, 7.0, 141.5, 128.5, 0.0, 0.0, 0.0, 0, 14, 0, 
397, 15:09:33, 5.7, 98.1, 87.4, 0.0, 0.0, 0.0, 0, 14, 0, 
398, 15:09:34, 3.8, 59.5, 52.4, 0.0, 0.0, 0.0, 0, 14, 0, 
399, 15:09:35, 2.2, 30.6, 26.5, 0.0, 0.0, 0.0, 0, 14, 0, 
400, 15:09:36, 2.4, 12.1, 7.5, 0.0, 0.0, 0.0, 0, 14, 0, 
401, 15:09:37, 1.1, -9.6, -11.8, 0.0, 0.0, 0.0, 0, 14, 0, 
402, 15:09:38, 0.3, -15.3, -15.8, 0.0, 0.0, 0.0, 0, 14, 0, 
403, 15:09:39, 0.2, -16.9, -17.3, 0.0, 0.0, 0.0, 0, 14, 0, 
404, 15:09:40, -0.1, -17.7, -17.5, 0.0, 0.0, 0.0, 0, 14, 0, 
405, 15:09:41, -0.2, -21.7, -21.4, 0.0, 0.0, 0.0, 0, 14, 0, 
406, 15:09:42, -0.2, -21.7, -21.4, 0.0, 0.0, 0.0, 0, 14, 0, 
407, 15:09:43, 0.0, -21.7, -21.8, 0.0, 0.0, 0.0, 0, 14, 0, 
408, 15:09:44, 0.4, -21.7, -22.4, 0.0, 0.0, 0.0, 0, 14, 0, 
409, 15:09:45, -0.0, -24.1, -24.1, 0.0, 0.0, 0.0, 0, 14, 0, 
410, 15:09:46, -0.1, -24.1, -23.9, 0.0, 0.0, 0.0, 0, 14, 0, 
411, 15:09:47, -0.2, -23.3, -22.9, 0.0, 0.0, 0.0, 0, 14, 0, 
412, 15:09:48, 0.1, -23.3, -23.5, 0.0, 0.0, 0.0, 0, 14, 0, 
413, 15:09:49, -0.4, -24.9, -24.2, 0.0, 0.0, 0.0, 0, 14, 0, 
414, 15:09:50, -0.2, -24.9, -24.6, 0.0, 0.0, 0.0, 0, 14, 0, 
415, 15:09:51, -0.2, -24.1, -23.8, 0.0, 0.0, 0.0, 0, 14, 0, 
416, 15:09:52, 0.1, -24.1, -24.3, 0.0, 0.0, 0.0, 0, 14, 0, 
417, 15:09:53, -0.0, -25.7, -25.7, 0.0, 0.0, 0.0, 0, 14, 0, 
418, 15:09:54, -0.2, -25.7, -25.3, 0.0, 0.0, 0.0, 0, 14, 0, 
419, 15:09:55, -0.0, -24.9, -24.9, 0.0, 0.0, 0.0, 0, 14, 0, 
420, 15:09:56, 0.2, -25.7, -26.1, 0.0, 0.0, 0.0, 0, 14, 0, 
421, 15:09:57, -0.1, -24.9, -24.8, 0.0, 0.0, 0.0, 0, 14, 0, 
422, 15:09:59, -0.1, -24.9, -24.7, 0.0, 0.0, 0.0, 0, 14000, 0,  Distension=15; 
423, 15:10:00, -0.1, -24.9, -24.8, 0.0, 0.0, 0.0, 0, 15, 0, 
424, 15:10:00, 8.1, 1.6, -13.5, 0.0, 0.0, 0.0, 0, 15, 0, 
425, 15:10:01, 10.3, 45.0, 26.0, 0.0, 0.0, 0.0, 0, 15, 0, 
426, 15:10:02, 12.7, 88.4, 65.1, 0.0, 0.0, 0.0, 0, 15, 0, 
427, 15:10:03, 17.2, 131.1, 99.6, 0.0, 0.0, 0.0, 0, 15, 0, 
428, 15:10:04, 24.0, 174.5, 130.9, 0.0, 0.0, 0.0, 0, 15, 0, 
429, 15:10:05, 30.7, 217.9, 162.7, 0.0, 0.0, 0.0, 0, 15, 0, 
430, 15:10:06, 38.6, 251.7, 182.9, 0.0, 0.0, 0.0, 0, 15, 0, 
431, 15:10:07, 39.9, 262.9, 192.0, 0.0, 0.0, 0.0, 0, 15, 0, 
432, 15:10:08, 40.0, 267.7, 196.7, 0.0, 0.0, 0.0, 0, 15, 0, 
433, 15:10:09, 40.1, 269.3, 198.1, 0.0, 0.0, 0.0, 0, 15, 0, 
434, 15:10:10, 39.8, 267.7, 197.0, 0.0, 0.0, 0.0, 0, 15, 0, 
435, 15:10:11, 40.2, 264.5, 193.0, 0.0, 0.0, 0.0, 0, 15, 0, 
436, 15:10:12, 40.1, 262.9, 191.7, 0.0, 0.0, 0.0, 0, 15, 0, 
437, 15:10:13, 39.9, 262.9, 192.0, 0.0, 0.0, 0.0, 0, 15, 0, 
438, 15:10:14, 39.8, 265.3, 194.6, 0.0, 0.0, 0.0, 0, 15, 0, 
439, 15:10:15, 40.1, 267.7, 196.6, 0.0, 0.0, 0.0, 0, 15, 0, 
440, 15:10:16, 40.1, 272.6, 201.3, 0.0, 0.0, 0.0, 0, 15, 0, 
441, 15:10:17, 39.7, 279.0, 208.4, 0.0, 0.0, 0.0, 0, 15, 0, 
442, 15:10:18, 39.5, 284.6, 214.4, 0.0, 0.0, 0.0, 0, 15, 20,  Prompt ON; 
443, 15:10:19, 40.2, 287.8, 216.4, 0.0, 0.0, 0.0, 0, 15, 0, 
444, 15:10:20, 39.8, 290.2, 219.5, 0.0, 0.0, 0.0, 0, 15, 0, 
445, 15:10:21, 40.1, 291.9, 220.6, 0.0, 0.0, 0.0, 0, 15, 0, 
446, 15:10:22, 40.2, 291.0, 219.7, 0.0, 0.0, 0.0, 0, 15, 0, 
447, 15:10:23, 40.1, 291.0, 219.9, 0.0, 0.0, 0.0, 0, 15, 0, 
448, 15:10:24, 39.3, 291.0, 221.2, 0.0, 0.0, 0.0, 0, 15, 0, 
449, 15:10:25, 40.4, 291.9, 220.1, 0.0, 0.0, 0.0, 0, 15, 0, 
450, 15:10:26, 40.0, 292.7, 221.6, 0.0, 0.0, 0.0, 0, 15, 0, 
451, 15:10:27, 40.1, 295.1, 223.8, 0.0, 0.0, 0.0, 0, 15, 0, 
452, 15:10:29, 39.6, 295.9, 225.5, 0.0, 0.0, 0.0, 0, 10000, 0,  Distension=16; 
453, 15:10:29, 39.5, 298.3, 228.0, 0.0, 0.0, 0.0, 0, 16, 0, 
454, 15:10:30, 27.2, 264.5, 215.3, 0.0, 0.0, 0.0, 0, 16, 0, 
455, 15:10:31, 16.1, 221.1, 191.6, 0.0, 0.0, 0.0, 0, 16, 0, 
456, 15:10:32, 9.0, 178.5, 161.8, 0.0, 0.0, 0.0, 0, 16, 0, 
457, 15:10:33, 5.6, 135.1, 124.7, 0.0, 0.0, 0.0, 0, 16, 0, 
458, 15:10:34, 5.2, 91.7, 81.9, 0.0, 0.0, 0.0, 0, 16, 0, 
459, 15:10:35, 3.9, 52.3, 45.0, 0.0, 0.0, 0.0, 0, 16, 0, 
460, 15:10:36, 2.3, 25.7, 21.5, 0.0, 0.0, 0.0, 0, 16, 0, 
461, 15:10:37, 2.1, 8.0, 4.1, 0.0, 0.0, 0.0, 0, 16, 0, 
462, 15:10:38, 1.8, -8.8, -12.3, 0.0, 0.0, 0.0, 0, 16, 0, 
463, 15:10:39, 0.2, -16.9, -17.2, 0.0, 0.0, 0.0, 0, 16, 0, 
464, 15:10:40, -0.0, -18.5, -18.4, 0.0, 0.0, 0.0, 0, 16, 0, 
465, 15:10:41, 0.0, -20.9, -21.0, 0.0, 0.0, 0.0, 0, 16, 0, 
466, 15:10:42, 0.1, -22.5, -22.7, 0.0, 0.0, 0.0, 0, 16, 0, 
467, 15:10:43, -0.0, -22.5, -22.5, 0.0, 0.0, 0.0, 0, 16, 0, 
468, 15:10:44, 0.2, -22.5, -22.9, 0.0, 0.0, 0.0, 0, 16, 0, 
469, 15:10:45, -0.2, -24.9, -24.6, 0.0, 0.0, 0.0, 0, 16, 0, 
470, 15:10:46, -0.0, -24.9, -24.9, 0.0, 0.0, 0.0, 0, 16, 0, 
471, 15:10:47, -0.1, -24.9, -24.7, 0.0, 0.0, 0.0, 0, 16, 0, 
472, 15:10:48, -0.1, -24.9, -24.7, 0.0, 0.0, 0.0, 0, 16, 0, 
473, 15:10:49, -0.3, -25.7, -25.2, 0.0, 0.0, 0.0, 0, 16, 0, 
474, 15:10:50, 0.1, -25.7, -25.9, 0.0, 0.0, 0.0, 0, 16, 0, 
475, 15:10:51, -0.1, -25.7, -25.5, 0.0, 0.0, 0.0, 0, 16, 0, 
476, 15:10:52, -0.1, -25.7, -25.6, 0.0, 0.0, 0.0, 0, 16, 0, 
477, 15:10:53, -0.2, -27.3, -27.0, 0.0, 0.0, 0.0, 0, 16, 0, 
478, 15:10:54, -0.1, -25.7, -25.5, 0.0, 0.0, 0.0, 0, 16, 0, 
479, 15:10:55, -0.0, -25.7, -25.7, 0.0, 0.0, 0.0, 0, 16, 0, 
480, 15:10:56, 0.2, -25.7, -26.1, 0.0, 0.0, 0.0, 0, 16, 0, 
481, 15:10:57, -0.3, -28.1, -27.6, 0.0, 0.0, 0.0, 0, 16, 0, 
482, 15:10:59, -0.1, -26.5, -26.4, 0.0, 0.0, 0.0, 0, 14500, 0,  Distension=17; 
483, 15:11:00, -0.1, -26.5, -26.4, 0.0, 0.0, 0.0, 0, 17, 0, 
484, 15:11:00, 7.2, 1.6, -11.7, 0.0, 0.0, 0.0, 0, 17, 0, 
485, 15:11:01, 11.7, 44.2, 22.5, 0.0, 0.0, 0.0, 0, 17, 0, 
486, 15:11:02, 13.2, 87.6, 63.4, 0.0, 0.0, 0.0, 0, 17, 0, 
487, 15:11:03, 16.2, 131.1, 101.4, 0.0, 0.0, 0.0, 0, 17, 0, 
488, 15:11:04, 21.1, 173.7, 135.2, 0.0, 0.0, 0.0, 0, 17, 0, 
489, 15:11:05, 29.3, 217.1, 164.3, 0.0, 0.0, 0.0, 0, 17, 0, 
490, 15:11:06, 37.6, 260.5, 193.5, 0.0, 0.0, 0.0, 0, 17, 0, 
491, 15:11:07, 44.0, 288.6, 210.8, 0.0, 0.0, 0.0, 0, 17, 0, 
492, 15:11:08, 44.8, 295.9, 216.8, 0.0, 0.0, 0.0, 0, 17, 0, 
493, 15:11:09, 44.7, 299.9, 220.9, 0.0, 0.0, 0.0, 0, 17, 0, 
494, 15:11:10, 44.9, 299.9, 220.7, 0.0, 0.0, 0.0, 0, 17, 0, 
495, 15:11:11, 45.0, 298.3, 218.9, 0.0, 0.0, 0.0, 0, 17, 0, 
496, 15:11:12, 42.0, 288.6, 214.1, 0.0, 0.0, 0.0, 0, 17, 0, 
497, 15:11:13, 33.2, 261.3, 201.7, 0.0, 0.0, 0.0, 0, 17, 0, 
498, 15:11:14, 25.9, 235.6, 188.7, 0.0, 0.0, 0.0, 0, 17, 0, 
499, 15:11:15, 20.3, 208.2, 171.3, 0.0, 0.0, 0.0, 0, 17, 0, 
500, 15:11:16, 15.9, 180.9, 151.7, 0.0, 0.0, 0.0, 0, 17, 0, 
501, 15:11:17, 12.3, 155.2, 132.5, 0.0, 0.0, 0.0, 0, 17, 0, 
502, 15:11:18, 10.1, 127.8, 109.2, 0.0, 0.0, 0.0, 0, 17, 0, Stop; 
~PPlus Deluxe (Version 10.3R, SN:160)
~(c) 2018 G & J Electronics Inc.
~Results File Name: c:\Barostat\results\1001 082421-19.dat
~Experiment Date: 08-24-2021
~Distension Type: AML
~Protocol: TEA Study Protocol
~Name: 1001 082421
~Date of Birth: 
~Sex: Female
~Weight/Height: 
~Doctor/Nurse: 
~Comment: 
~Index, Time, P1, V1, V1corrected, P2, V2, V2corrected, KeyCode, Distension, PromptTime, Comments and Flags
1, 15:28:51, 0.7, 0.0, 0.1, 0.0, 0.0, 0.0, 0, 0, 0,  Start;
2, 15:28:55, 0.9, 0.0, -0.2, 0.0, 0.0, 0.0, 0, 10500, 0,  Distension=1; Status:C .804 / .804 /45/2/ 3 / 1564 / 1620 / 0 ; 
3, 15:28:55, 0.7, 0.0, 0.1, 0.0, 0.0, 0.0, 0, 1, 0, Status:J 1 /61/100/ 1 / 1 /0.3/0.3/ 0 / 1 ; 
4, 15:28:56, 0.6, 0.0, 0.4, 0.0, 0.0, 0.0, 763, 1, 0,  VAS Calibration:61; 
5, 15:28:56, 0.5, 0.0, 0.6, 0.0, 0.0, 0.0, 0, 1, 0, 
6, 15:28:57, 5.0, 9.6, 1.9, 0.0, 0.0, 0.0, 0, 1, 0, 
7, 15:28:57, 5.0, 9.6, 1.8, 0.0, 0.0, 0.0, 0, 1, 0, 
8, 15:28:57, 4.8, 12.9, 5.4, 0.0, 0.0, 0.0, 0, 1, 0, 
9, 15:28:58, 4.9, 16.9, 9.3, 0.0, 0.0, 0.0, 0, 1, 0, 
10, 15:28:59, 4.9, 18.5, 10.9, 0.0, 0.0, 0.0, 0, 1, 0, 
11, 15:29:00, 5.4, 13.7, 5.1, 0.0, 0.0, 0.0, 0, 1, 0, 
12, 15:29:01, 4.8, 11.3, 3.8, 0.0, 0.0, 0.0, 0, 1, 0, 
13, 15:29:02, 5.0, 17.7, 9.9, 0.0, 0.0, 0.0, 0, 1, 0, 
14, 15:29:04, 4.7, 19.3, 11.9, 0.0, 0.0, 0.0, 0, 1, 0, 
15, 15:29:04, 5.2, 16.9, 8.7, 0.0, 0.0, 0.0, 0, 1, 0, 
16, 15:29:05, 4.8, 14.5, 7.0, 0.0, 0.0, 0.0, 0, 1, 0, 
17, 15:29:06, 4.7, 18.5, 11.2, 0.0, 0.0, 0.0, 0, 1, 0, 
18, 15:29:07, 4.9, 20.9, 13.2, 0.0, 0.0, 0.0, 0, 1, 0, 
19, 15:29:08, 5.2, 15.3, 7.1, 0.0, 0.0, 0.0, 0, 1, 0, 
20, 15:29:09, 4.6, 12.9, 5.7, 0.0, 0.0, 0.0, 0, 1, 0, 
21, 15:29:10, 4.9, 20.1, 12.4, 0.0, 0.0, 0.0, 0, 1, 0, 
22, 15:29:11, 5.2, 19.3, 11.1, 0.0, 0.0, 0.0, 0, 1, 20,  Prompt ON; 
23, 15:29:12, 4.7, 13.7, 6.4, 0.0, 0.0, 0.0, 0, 1, 0, 
24, 15:29:13, 5.0, 17.7, 9.8, 0.0, 0.0, 0.0, 0, 1, 0, 
25, 15:29:14, 5.0, 20.1, 12.3, 0.0, 0.0, 0.0, 0, 1, 0, 
26, 15:29:15, 4.6, 23.3, 16.1, 0.0, 0.0, 0.0, 0, 1, 0, 
27, 15:29:16, 5.1, 24.9, 16.8, 0.0, 0.0, 0.0, 0, 1, 0, 
28, 15:29:18, 4.9, 22.5, 14.9, 0.0, 0.0, 0.0, 0, 1, 0, 
29, 15:29:18, 4.8, 26.5, 19.1, 0.0, 0.0, 0.0, 0, 1, 0, 
30, 15:29:19, 4.9, 30.6, 22.9, 0.0, 0.0, 0.0, 0, 1, 0, 
31, 15:29:20, 5.1, 29.7, 21.7, 0.0, 0.0, 0.0, 0, 1, 0, 
32, 15:29:22, 4.9, 24.9, 17.2, 0.0, 0.0, 0.0, 0, 10000, 0,  Distension=2; 
33, 15:29:23, 4.8, 24.9, 17.4, 0.0, 0.0, 0.0, 0, 2, 0, 
34, 15:29:24, 1.3, 6.4, 5.5, 0.0, 0.0, 0.0, 0, 2, 0, 
35, 15:29:24, -0.0, -1.6, -0.1, 0.0, 0.0, 0.0, 0, 2, 0, 
36, 15:29:26, -0.1, -1.6, -0.0, 0.0, 0.0, 0.0, 0, 2, 0, 
37, 15:29:26, -0.1, -1.6, 0.0, 0.0, 0.0, 0.0, 0, 2, 0, 
38, 15:29:28, -0.1, -1.6, -0.0, 0.0, 0.0, 0.0, 0, 2, 0, 
39, 15:29:28, 0.3, -1.6, -0.8, 0.0, 0.0, 0.0, 0, 2, 0, 
40, 15:29:29, 0.0, -1.6, -0.2, 0.0, 0.0, 0.0, 0, 2, 0, 
41, 15:29:30, 0.0, -1.6, -0.2, 0.0, 0.0, 0.0, 0, 2, 0, 
42, 15:29:31, 0.2, -1.6, -0.5, 0.0, 0.0, 0.0, 0, 2, 0, 
43, 15:29:32, -0.0, -4.0, -2.5, 0.0, 0.0, 0.0, 0, 2, 0, 
44, 15:29:33, -0.2, -4.0, -2.3, 0.0, 0.0, 0.0, 0, 2, 0, 
45, 15:29:34, -0.2, -4.0, -2.1, 0.0, 0.0, 0.0, 0, 2, 0, 
46, 15:29:35, -0.2, -4.0, -2.2, 0.0, 0.0, 0.0, 0, 2, 0, 
47, 15:29:36, 0.1, -4.0, -2.8, 0.0, 0.0, 0.0, 0, 2, 0, 
48, 15:29:37, -0.2, -3.2, -1.4, 0.0, 0.0, 0.0, 0, 2, 0, 
49, 15:29:38, -0.2, -3.2, -1.4, 0.0, 0.0, 0.0, 0, 2, 0, 
50, 15:29:39, -0.2, -3.2, -1.3, 0.0, 0.0, 0.0, 0, 2, 0, 
51, 15:29:40, -0.1, -3.2, -1.5, 0.0, 0.0, 0.0, 0, 2, 0, 
52, 15:29:41, 0.3, -3.2, -2.2, 0.0, 0.0, 0.0, 0, 2, 0, 
53, 15:29:42, 0.2, -3.2, -2.1, 0.0, 0.0, 0.0, 0, 2, 0, 
54, 15:29:43, -0.0, -3.2, -1.7, 0.0, 0.0, 0.0, 0, 2, 0, 
55, 15:29:44, 0.0, -3.2, -1.8, 0.0, 0.0, 0.0, 0, 2, 0, 
56, 15:29:45, 0.2, -3.2, -2.2, 0.0, 0.0, 0.0, 0, 2, 0, 
57, 15:29:46, -0.1, -5.6, -4.0, 0.0, 0.0, 0.0, 0, 2, 0, 
58, 15:29:47, -0.1, -5.6, -3.9, 0.0, 0.0, 0.0, 0, 2, 0, 
59, 15:29:48, -0.0, -4.0, -2.5, 0.0, 0.0, 0.0, 0, 2, 0, 
60, 15:29:49, -0.1, -4.0, -2.4, 0.0, 0.0, 0.0, 0, 2, 0, 
61, 15:29:50, 0.1, -4.0, -2.8, 0.0, 0.0, 0.0, 0, 2, 0, 
62, 15:29:53, -0.1, -5.6, -4.0, 0.0, 0.0, 0.0, 0, 11000, 0,  Distension=3; 
63, 15:29:53, -0.3, -5.6, -3.6, 0.0, 0.0, 0.0, 0, 3, 0, 
64, 15:29:53, 5.6, 16.1, 7.2, 0.0, 0.0, 0.0, 0, 3, 0, 
65, 15:29:54, 8.8, 40.2, 25.4, 0.0, 0.0, 0.0, 0, 3, 0, 
66, 15:29:55, 9.6, 50.7, 34.3, 0.0, 0.0, 0.0, 0, 3, 0, 
67, 15:29:56, 8.5, 65.1, 50.9, 0.0, 0.0, 0.0, 0, 3, 0, 
68, 15:29:57, 8.9, 79.6, 64.6, 0.0, 0.0, 0.0, 0, 3, 0, 
69, 15:29:58, 9.6, 93.3, 76.9, 0.0, 0.0, 0.0, 0, 3, 0, 
70, 15:29:59, 10.4, 94.9, 77.1, 0.0, 0.0, 0.0, 0, 3, 0, 
71, 15:30:00, 10.2, 90.0, 72.7, 0.0, 0.0, 0.0, 0, 3, 0, 
72, 15:30:01, 9.6, 97.3, 81.0, 0.0, 0.0, 0.0, 0, 3, 0, 
73, 15:30:02, 9.5, 106.1, 90.0, 0.0, 0.0, 0.0, 0, 3, 0, 
74, 15:30:03, 10.0, 109.3, 92.3, 0.0, 0.0, 0.0, 0, 3, 0, 
75, 15:30:04, 10.4, 102.1, 84.4, 0.0, 0.0, 0.0, 0, 3, 0, 
76, 15:30:05, 9.5, 102.9, 86.9, 0.0, 0.0, 0.0, 0, 3, 0, 
77, 15:30:06, 9.7, 111.0, 94.4, 0.0, 0.0, 0.0, 0, 3, 0, 
78, 15:30:07, 9.9, 113.4, 96.5, 0.0, 0.0, 0.0, 0, 3, 0, 
79, 15:30:08, 10.4, 106.9, 89.1, 0.0, 0.0, 0.0, 0, 3, 0, 
80, 15:30:09, 9.6, 103.7, 87.4, 0.0, 0.0, 0.0, 0, 3, 0, 
81, 15:30:10, 9.8, 112.6, 95.9, 0.0, 0.0, 0.0, 0, 3, 0, 
82, 15:30:11, 9.7, 115.8, 99.3, 0.0, 0.0, 0.0, 0, 3, 20,  Prompt ON; 
83, 15:30:12, 10.3, 115.8, 98.1, 0.0, 0.0, 0.0, 0, 3, 0, 
84, 15:30:13, 10.3, 111.8, 94.2, 0.0, 0.0, 0.0, 0, 3, 0, 
85, 15:30:14, 9.7, 113.4, 96.9, 0.0, 0.0, 0.0, 0, 3, 0, 
86, 15:30:15, 9.7, 117.4, 100.8, 0.0, 0.0, 0.0, 0, 3, 0, 
87, 15:30:16, 10.3, 119.0, 101.4, 0.0, 0.0, 0.0, 0, 3, 0, 
88, 15:30:17, 10.1, 111.0, 93.7, 0.0, 0.0, 0.0, 0, 3, 0, 
89, 15:30:18, 9.7, 112.6, 96.1, 0.0, 0.0, 0.0, 0, 3, 0, 
90, 15:30:19, 10.0, 116.6, 99.5, 0.0, 0.0, 0.0, 0, 3, 0, 
91, 15:30:20, 10.1, 115.0, 97.7, 0.0, 0.0, 0.0, 0, 3, 0, 
92, 15:30:22, 10.0, 107.7, 90.6, 0.0, 0.0, 0.0, 0, 10000, 0,  Distension=4; 
93, 15:30:23, 8.9, 107.7, 92.6, 0.0, 0.0, 0.0, 0, 4, 0, 
94, 15:30:23, 4.0, 76.4, 70.3, 0.0, 0.0, 0.0, 0, 4, 0, 
95, 15:30:24, 3.7, 47.4, 42.0, 0.0, 0.0, 0.0, 0, 4, 0, 
96, 15:30:25, 3.0, 18.5, 14.3, 0.0, 0.0, 0.0, 0, 4, 0, 
97, 15:30:26, -0.0, 3.2, 4.8, 0.0, 0.0, 0.0, 0, 4, 0, 
98, 15:30:27, 0.1, 2.4, 3.7, 0.0, 0.0, 0.0, 0, 4, 0, 
99, 15:30:28, 0.1, 1.6, 2.8, 0.0, 0.0, 0.0, 0, 4, 0, 
100, 15:30:29, -0.0, -1.6, -0.1, 0.0, 0.0, 0.0, 0, 4, 0, 
101, 15:30:30, 0.0, -2.4, -1.0, 0.0, 0.0, 0.0, 0, 4, 0, 
102, 15:30:31, -0.2, -2.4, -0.6, 0.0, 0.0, 0.0, 0, 4, 0, 
103, 15:30:32, -0.1, -2.4, -0.8, 0.0, 0.0, 0.0, 0, 4, 0, 
104, 15:30:33, 0.2, -2.4, -1.3, 0.0, 0.0, 0.0, 0, 4, 0, 
105, 15:30:34, -0.1, -4.0, -2.4, 0.0, 0.0, 0.0, 0, 4, 0, 
106, 15:30:35, -0.3, -3.2, -1.3, 0.0, 0.0, 0.0, 0, 4, 0, 
107, 15:30:36, -0.1, -2.4, -0.7, 0.0, 0.0, 0.0, 0, 4, 0, 
108, 15:30:37, -0.1, -4.8, -3.2, 0.0, 0.0, 0.0, 0, 4, 0, 
109, 15:30:38, 0.1, -4.8, -3.5, 0.0, 0.0, 0.0, 0, 4, 0, 
110, 15:30:39, -0.2, -4.8, -2.9, 0.0, 0.0, 0.0, 0, 4, 0, 
111, 15:30:40, -0.2, -4.8, -3.1, 0.0, 0.0, 0.0, 0, 4, 0, 
112, 15:30:41, -0.0, -4.8, -3.3, 0.0, 0.0, 0.0, 0, 4, 0, 
113, 15:30:42, -0.0, -5.6, -4.1, 0.0, 0.0, 0.0, 0, 4, 0, 
114, 15:30:43, -0.3, -5.6, -3.7, 0.0, 0.0, 0.0, 0, 4, 0, 
115, 15:30:44, -0.3, -5.6, -3.7, 0.0, 0.0, 0.0, 0, 4, 0, 
116, 15:30:45, -0.3, -5.6, -3.7, 0.0, 0.0, 0.0, 0, 4, 0, 
117, 15:30:46, 0.2, -5.6, -4.5, 0.0, 0.0, 0.0, 0, 4, 0, 
118, 15:30:47, 0.2, -5.6, -4.5, 0.0, 0.0, 0.0, 0, 4, 0, 
119, 15:30:48, -0.0, -5.6, -4.1, 0.0, 0.0, 0.0, 0, 4, 0, 
120, 15:30:49, -0.1, -5.6, -4.0, 0.0, 0.0, 0.0, 0, 4, 0, 
121, 15:30:50, 0.1, -5.6, -4.3, 0.0, 0.0, 0.0, 0, 4, 0, 
122, 15:30:53, -0.1, -5.6, -4.0, 0.0, 0.0, 0.0, 0, 11500, 0,  Distension=5; 
123, 15:30:53, -0.3, -5.6, -3.7, 0.0, 0.0, 0.0, 0, 5, 0, 
124, 15:30:53, 5.6, 16.1, 7.2, 0.0, 0.0, 0.0, 0, 5, 0, 
125, 15:30:54, 9.1, 58.7, 43.3, 0.0, 0.0, 0.0, 0, 5, 0, 
126, 15:30:55, 12.0, 95.7, 75.1, 0.0, 0.0, 0.0, 0, 5, 0, 
127, 15:30:56, 13.4, 114.2, 91.0, 0.0, 0.0, 0.0, 0, 5, 0, 
128, 15:30:57, 13.8, 128.6, 104.7, 0.0, 0.0, 0.0, 0, 5, 0, 
129, 15:30:58, 14.7, 139.9, 114.4, 0.0, 0.0, 0.0, 0, 5, 0, 
130, 15:30:59, 15.0, 142.3, 116.1, 0.0, 0.0, 0.0, 0, 5, 0, 
131, 15:31:00, 15.1, 140.7, 114.5, 0.0, 0.0, 0.0, 0, 5, 0, 
132, 15:31:01, 14.9, 140.7, 114.7, 0.0, 0.0, 0.0, 0, 5, 0, 
133, 15:31:02, 15.0, 139.1, 112.9, 0.0, 0.0, 0.0, 0, 5, 0, 
134, 15:31:03, 15.5, 133.5, 106.5, 0.0, 0.0, 0.0, 0, 5, 0, 
135, 15:31:04, 15.0, 131.1, 105.0, 0.0, 0.0, 0.0, 0, 5, 0, 
136, 15:31:05, 15.0, 136.7, 110.6, 0.0, 0.0, 0.0, 0, 5, 0, 
137, 15:31:06, 15.0, 137.5, 111.5, 0.0, 0.0, 0.0, 0, 5, 0, 
138, 15:31:07, 15.2, 135.1, 108.6, 0.0, 0.0, 0.0, 0, 5, 0, 
139, 15:31:08, 14.9, 135.1, 109.2, 0.0, 0.0, 0.0, 0, 5, 0, 
140, 15:31:09, 14.6, 143.9, 118.5, 0.0, 0.0, 0.0, 0, 5, 0, 
141, 15:31:10, 14.7, 148.7, 123.2, 0.0, 0.0, 0.0, 0, 5, 0, 
142, 15:31:11, 15.3, 149.5, 122.9, 0.0, 0.0, 0.0, 0, 5, 20,  Prompt ON; 
143, 15:31:12, 14.9, 151.2, 125.3, 0.0, 0.0, 0.0, 0, 5, 0, 
144, 15:31:13, 14.8, 158.4, 132.6, 0.0, 0.0, 0.0, 0, 5, 0, 
145, 15:31:14, 15.3, 160.8, 134.2, 0.0, 0.0, 0.0, 0, 5, 0, 
146, 15:31:15, 15.2, 156.8, 130.3, 0.0, 0.0, 0.0, 0, 5, 0, 
147, 15:31:16, 14.8, 158.4, 132.6, 0.0, 0.0, 0.0, 0, 5, 0, 
148, 15:31:17, 14.9, 161.6, 135.7, 0.0, 0.0, 0.0, 0, 5, 0, 
149, 15:31:18, 15.3, 158.4, 131.8, 0.0, 0.0, 0.0, 0, 5, 0, 
150, 15:31:19, 14.9, 157.6, 131.6, 0.0, 0.0, 0.0, 0, 5, 0, 
151, 15:31:20, 14.6, 159.2, 133.8, 0.0, 0.0, 0.0, 0, 5, 0, 
152, 15:31:23, 14.9, 161.6, 135.8, 0.0, 0.0, 0.0, 0, 10000, 0,  Distension=6; 
153, 15:31:23, 15.8, 161.6, 134.1, 0.0, 0.0, 0.0, 0, 6, 0, 
154, 15:31:23, 10.2, 131.9, 114.5, 0.0, 0.0, 0.0, 0, 6, 0, 
155, 15:31:24, 5.4, 89.2, 80.7, 0.0, 0.0, 0.0, 0, 6, 0, 
156, 15:31:25, 3.8, 51.5, 45.8, 0.0, 0.0, 0.0, 0, 6, 0, 
157, 15:31:26, 2.1, 26.5, 24.0, 0.0, 0.0, 0.0, 0, 6, 0, 
158, 15:31:27, 1.0, 9.6, 9.3, 0.0, 0.0, 0.0, 0, 6, 0, 
159, 15:31:28, -0.1, -1.6, -0.0, 0.0, 0.0, 0.0, 0, 6, 0, 
160, 15:31:29, 0.2, -1.6, -0.6, 0.0, 0.0, 0.0, 0, 6, 0, 
161, 15:31:30, 0.2, -1.6, -0.5, 0.0, 0.0, 0.0, 0, 6, 0, 
162, 15:31:31, 0.1, -2.4, -1.2, 0.0, 0.0, 0.0, 0, 6, 0, 
163, 15:31:32, 0.2, -4.0, -2.9, 0.0, 0.0, 0.0, 0, 6, 0, 
164, 15:31:33, -0.0, -4.0, -2.5, 0.0, 0.0, 0.0, 0, 6, 0, 
165, 15:31:34, -0.1, -4.0, -2.3, 0.0, 0.0, 0.0, 0, 6, 0, 
166, 15:31:35, 0.0, -4.0, -2.7, 0.0, 0.0, 0.0, 0, 6, 0, 
167, 15:31:36, 0.1, -4.8, -3.6, 0.0, 0.0, 0.0, 0, 6, 0, 
168, 15:31:37, 0.1, -4.8, -3.5, 0.0, 0.0, 0.0, 0, 6, 0, 
169, 15:31:38, -0.1, -4.8, -3.2, 0.0, 0.0, 0.0, 0, 6, 0, 
170, 15:31:39, 0.3, -5.6, -4.8, 0.0, 0.0, 0.0, 0, 6, 0, 
171, 15:31:40, 0.3, -5.6, -4.7, 0.0, 0.0, 0.0, 0, 6, 0, 
172, 15:31:41, -0.0, -5.6, -4.1, 0.0, 0.0, 0.0, 0, 6, 0, 
173, 15:31:42, -0.1, -5.6, -3.9, 0.0, 0.0, 0.0, 0, 6, 0, 
174, 15:31:43, 0.1, -5.6, -4.4, 0.0, 0.0, 0.0, 0, 6, 0, 
175, 15:31:44, 0.1, -6.4, -5.1, 0.0, 0.0, 0.0, 0, 6, 0, 
176, 15:31:45, -0.0, -6.4, -4.9, 0.0, 0.0, 0.0, 0, 6, 0, 
177, 15:31:46, -0.2, -6.4, -4.6, 0.0, 0.0, 0.0, 0, 6, 0, 
178, 15:31:47, -0.2, -6.4, -4.6, 0.0, 0.0, 0.0, 0, 6, 0, 
179, 15:31:48, 0.0, -6.4, -5.0, 0.0, 0.0, 0.0, 0, 6, 0, 
180, 15:31:49, 0.3, -6.4, -5.5, 0.0, 0.0, 0.0, 0, 6, 0, 
181, 15:31:50, 0.1, -6.4, -5.2, 0.0, 0.0, 0.0, 0, 6, 0, 
182, 15:31:53, -0.0, -6.4, -4.9, 0.0, 0.0, 0.0, 0, 12000, 0,  Distension=7; 
183, 15:31:53, -0.1, -6.4, -4.8, 0.0, 0.0, 0.0, 0, 7, 0, 
184, 15:31:53, 6.7, 14.5, 3.4, 0.0, 0.0, 0.0, 0, 7, 0, 
185, 15:31:54, 10.9, 57.1, 38.5, 0.0, 0.0, 0.0, 0, 7, 0, 
186, 15:31:56, 12.2, 100.5, 79.5, 0.0, 0.0, 0.0, 0, 7, 0, 
187, 15:31:56, 16.1, 143.1, 115.0, 0.0, 0.0, 0.0, 0, 7, 0, 
188, 15:31:57, 19.2, 164.8, 131.3, 0.0, 0.0, 0.0, 0, 7, 0, 
189, 15:31:58, 19.7, 168.8, 134.4, 0.0, 0.0, 0.0, 0, 7, 0, 
190, 15:31:59, 19.9, 168.8, 134.0, 0.0, 0.0, 0.0, 0, 7, 0, 
191, 15:32:00, 20.3, 167.2, 131.7, 0.0, 0.0, 0.0, 0, 7, 0, 
192, 15:32:01, 20.2, 163.2, 127.8, 0.0, 0.0, 0.0, 0, 7, 0, 
193, 15:32:03, 20.6, 155.2, 119.1, 0.0, 0.0, 0.0, 0, 7, 0, 
194, 15:32:03, 20.0, 152.0, 116.9, 0.0, 0.0, 0.0, 0, 7, 0, 
195, 15:32:04, 19.7, 152.0, 117.4, 0.0, 0.0, 0.0, 0, 7, 0, 
196, 15:32:05, 19.6, 156.0, 121.6, 0.0, 0.0, 0.0, 0, 7, 0, 
197, 15:32:06, 20.0, 160.0, 125.0, 0.0, 0.0, 0.0, 0, 7, 0, 
198, 15:32:07, 19.5, 165.6, 131.5, 0.0, 0.0, 0.0, 0, 7, 0, 
199, 15:32:08, 19.5, 176.1, 141.9, 0.0, 0.0, 0.0, 0, 7, 0, 
200, 15:32:09, 19.5, 182.5, 148.3, 0.0, 0.0, 0.0, 0, 7, 0, 
201, 15:32:10, 19.8, 184.9, 150.3, 0.0, 0.0, 0.0, 0, 7, 0, 
202, 15:32:11, 19.9, 184.9, 150.0, 0.0, 0.0, 0.0, 0, 7, 20,  Prompt ON; 
203, 15:32:13, 20.1, 189.7, 154.6, 0.0, 0.0, 0.0, 0, 7, 0, 
204, 15:32:14, 19.9, 191.4, 156.6, 0.0, 0.0, 0.0, 0, 7, 0, 
205, 15:32:15, 19.9, 191.4, 156.6, 0.0, 0.0, 0.0, 0, 7, 0, 
206, 15:32:15, 19.9, 191.4, 156.4, 0.0, 0.0, 0.0, 0, 7, 0, 
207, 15:32:16, 19.8, 194.6, 159.8, 0.0, 0.0, 0.0, 0, 7, 0, 
208, 15:32:17, 19.9, 197.8, 162.9, 0.0, 0.0, 0.0, 0, 7, 0, 
209, 15:32:19, 20.2, 197.8, 162.4, 0.0, 0.0, 0.0, 0, 7, 0, 
210, 15:32:20, 19.7, 197.8, 163.3, 0.0, 0.0, 0.0, 0, 7, 0, 
211, 15:32:20, 19.8, 201.0, 166.4, 0.0, 0.0, 0.0, 0, 7, 0, 
212, 15:32:23, 19.8, 201.8, 167.1, 0.0, 0.0, 0.0, 0, 10000, 0,  Distension=8; 
213, 15:32:23, 20.5, 201.8, 165.9, 0.0, 0.0, 0.0, 0, 8, 0, 
214, 15:32:24, 12.2, 172.1, 151.0, 0.0, 0.0, 0.0, 0, 8, 0, 
215, 15:32:25, 5.9, 129.4, 119.9, 0.0, 0.0, 0.0, 0, 8, 0, 
216, 15:32:25, 4.4, 87.6, 80.9, 0.0, 0.0, 0.0, 0, 8, 0, 
217, 15:32:26, 3.8, 48.2, 42.6, 0.0, 0.0, 0.0, 0, 8, 0, 
218, 15:32:27, 1.9, 23.3, 21.2, 0.0, 0.0, 0.0, 0, 8, 0, 
219, 15:32:28, 0.7, 8.8, 9.0, 0.0, 0.0, 0.0, 0, 8, 0, 
220, 15:32:29, -0.0, 0.0, 1.5, 0.0, 0.0, 0.0, 0, 8, 0, 
221, 15:32:30, 0.1, -0.8, 0.4, 0.0, 0.0, 0.0, 0, 8, 0, 
222, 15:32:31, 0.3, -0.8, 0.2, 0.0, 0.0, 0.0, 0, 8, 0, 
223, 15:32:33, 0.1, -2.4, -1.2, 0.0, 0.0, 0.0, 0, 8, 0, 
224, 15:32:33, -0.2, -4.8, -3.0, 0.0, 0.0, 0.0, 0, 8, 0, 
225, 15:32:34, 0.2, -4.8, -3.7, 0.0, 0.0, 0.0, 0, 8, 0, 
226, 15:32:35, 0.1, -4.8, -3.6, 0.0, 0.0, 0.0, 0, 8, 0, 
227, 15:32:37, 0.2, -4.8, -3.7, 0.0, 0.0, 0.0, 0, 8, 0, 
228, 15:32:37, 0.2, -4.8, -3.8, 0.0, 0.0, 0.0, 0, 8, 0, 
229, 15:32:38, -0.3, -7.2, -5.2, 0.0, 0.0, 0.0, 0, 8, 0, 
230, 15:32:39, -0.1, -6.4, -4.8, 0.0, 0.0, 0.0, 0, 8, 0, 
231, 15:32:40, -0.0, -6.4, -4.9, 0.0, 0.0, 0.0, 0, 8, 0, 
232, 15:32:41, -0.1, -8.0, -6.4, 0.0, 0.0, 0.0, 0, 8, 0, 
233, 15:32:42, -0.1, -8.0, -6.4, 0.0, 0.0, 0.0, 0, 8, 0, 
234, 15:32:43, -0.2, -8.0, -6.2, 0.0, 0.0, 0.0, 0, 8, 0, 
235, 15:32:44, -0.0, -7.2, -5.8, 0.0, 0.0, 0.0, 0, 8, 0, 
236, 15:32:45, 0.3, -7.2, -6.3, 0.0, 0.0, 0.0, 0, 8, 0, 
237, 15:32:46, -0.2, -8.8, -7.0, 0.0, 0.0, 0.0, 0, 8, 0, 
238, 15:32:48, -0.0, -7.2, -5.8, 0.0, 0.0, 0.0, 0, 8, 0, 
239, 15:32:48, -0.0, -7.2, -5.8, 0.0, 0.0, 0.0, 0, 8, 0, 
240, 15:32:49, 0.4, -7.2, -6.4, 0.0, 0.0, 0.0, 0, 8, 0, 
241, 15:32:51, -0.1, -8.0, -6.4, 0.0, 0.0, 0.0, 0, 8, 0, 
242, 15:32:53, -0.2, -8.0, -6.3, 0.0, 0.0, 0.0, 0, 12500, 0,  Distension=9; 
243, 15:32:53, -0.2, -8.0, -6.2, 0.0, 0.0, 0.0, 0, 9, 0, 
244, 15:32:53, 6.9, 12.1, 0.8, 0.0, 0.0, 0.0, 0, 9, 0, 
245, 15:32:55, 10.6, 54.7, 36.6, 0.0, 0.0, 0.0, 0, 9, 0, 
246, 15:32:56, 11.2, 98.1, 78.8, 0.0, 0.0, 0.0, 0, 9, 0, 
247, 15:32:57, 14.5, 141.5, 116.3, 0.0, 0.0, 0.0, 0, 9, 0, 
248, 15:32:58, 22.6, 181.7, 142.1, 0.0, 0.0, 0.0, 0, 9, 0, 
249, 15:32:58, 24.7, 196.2, 152.9, 0.0, 0.0, 0.0, 0, 9, 0, 
250, 15:32:59, 25.0, 204.2, 160.3, 0.0, 0.0, 0.0, 0, 9, 0, 
251, 15:33:00, 25.3, 202.6, 158.3, 0.0, 0.0, 0.0, 0, 9, 0, 
252, 15:33:01, 25.5, 197.8, 153.0, 0.0, 0.0, 0.0, 0, 9, 0, 
253, 15:33:03, 25.0, 193.8, 149.9, 0.0, 0.0, 0.0, 0, 9, 0, 
254, 15:33:03, 25.0, 193.8, 149.8, 0.0, 0.0, 0.0, 0, 9, 0, 
255, 15:33:04, 25.2, 193.8, 149.5, 0.0, 0.0, 0.0, 0, 9, 0, 
256, 15:33:05, 25.0, 194.6, 150.6, 0.0, 0.0, 0.0, 0, 9, 0, 
257, 15:33:07, 24.6, 201.8, 158.6, 0.0, 0.0, 0.0, 0, 9, 0, 
258, 15:33:08, 24.6, 209.8, 166.6, 0.0, 0.0, 0.0, 0, 9, 0, 
259, 15:33:09, 24.6, 216.3, 173.1, 0.0, 0.0, 0.0, 0, 9, 0, 
260, 15:33:10, 24.9, 217.9, 174.1, 0.0, 0.0, 0.0, 0, 9, 0, 
261, 15:33:11, 25.0, 222.7, 178.8, 0.0, 0.0, 0.0, 0, 9, 0, 
262, 15:33:12, 24.8, 225.9, 182.5, 0.0, 0.0, 0.0, 0, 9, 20,  Prompt ON; 
263, 15:33:13, 25.2, 227.5, 183.3, 0.0, 0.0, 0.0, 0, 9, 0, 
264, 15:33:14, 24.9, 226.7, 183.1, 0.0, 0.0, 0.0, 0, 9, 0, 
265, 15:33:15, 25.2, 230.7, 186.5, 0.0, 0.0, 0.0, 0, 9, 0, 
266, 15:33:15, 24.9, 232.4, 188.7, 0.0, 0.0, 0.0, 0, 9, 0, 
267, 15:33:17, 24.9, 232.4, 188.6, 0.0, 0.0, 0.0, 0, 9, 0, 
268, 15:33:17, 24.9, 234.0, 190.2, 0.0, 0.0, 0.0, 0, 9, 0, 
269, 15:33:19, 25.1, 235.6, 191.5, 0.0, 0.0, 0.0, 0, 9, 0, 
270, 15:33:19, 25.0, 235.6, 191.7, 0.0, 0.0, 0.0, 0, 9, 0, 
271, 15:33:20, 25.0, 239.6, 195.6, 0.0, 0.0, 0.0, 0, 9, 0, 
272, 15:33:23, 25.0, 242.0, 198.1, 0.0, 0.0, 0.0, 0, 10000, 0,  Distension=10; 
273, 15:33:23, 25.5, 242.0, 197.2, 0.0, 0.0, 0.0, 0, 10, 0, 
274, 15:33:23, 17.4, 213.1, 182.7, 0.0, 0.0, 0.0, 0, 10, 0, 
275, 15:33:25, 8.7, 170.4, 155.7, 0.0, 0.0, 0.0, 0, 10, 0, 
276, 15:33:26, 5.0, 127.0, 119.3, 0.0, 0.0, 0.0, 0, 10, 0, 
277, 15:33:27, 4.4, 84.4, 77.7, 0.0, 0.0, 0.0, 0, 10, 0, 
278, 15:33:28, 3.6, 46.6, 41.3, 0.0, 0.0, 0.0, 0, 10, 0, 
279, 15:33:29, 1.8, 21.7, 19.7, 0.0, 0.0, 0.0, 0, 10, 0, 
280, 15:33:30, 0.6, 8.0, 8.4, 0.0, 0.0, 0.0, 0, 10, 0, 
281, 15:33:31, 0.2, -1.6, -0.5, 0.0, 0.0, 0.0, 0, 10, 0, 
282, 15:33:32, 0.1, -4.0, -2.8, 0.0, 0.0, 0.0, 0, 10, 0, 
283, 15:33:32, 0.3, -4.0, -3.1, 0.0, 0.0, 0.0, 0, 10, 0, 
284, 15:33:33, -0.3, -4.0, -2.1, 0.0, 0.0, 0.0, 0, 10, 0, 
285, 15:33:35, 0.0, -6.4, -5.0, 0.0, 0.0, 0.0, 0, 10, 0, 
286, 15:33:36, 0.2, -6.4, -5.3, 0.0, 0.0, 0.0, 0, 10, 0, 
287, 15:33:37, 0.1, -6.4, -5.2, 0.0, 0.0, 0.0, 0, 10, 0, 
288, 15:33:38, 0.4, -7.2, -6.5, 0.0, 0.0, 0.0, 0, 10, 0, 
289, 15:33:38, -0.1, -8.8, -7.1, 0.0, 0.0, 0.0, 0, 10, 0, 
290, 15:33:39, -0.2, -8.8, -7.1, 0.0, 0.0, 0.0, 0, 10, 0, 
291, 15:33:41, -0.3, -8.8, -6.9, 0.0, 0.0, 0.0, 0, 10, 0, 
292, 15:33:41, -0.2, -8.8, -7.1, 0.0, 0.0, 0.0, 0, 10, 0, 
293, 15:33:43, 0.3, -8.8, -7.9, 0.0, 0.0, 0.0, 0, 10, 0, 
294, 15:33:44, 0.1, -8.8, -7.6, 0.0, 0.0, 0.0, 0, 10, 0, 
295, 15:33:45, -0.0, -8.8, -7.4, 0.0, 0.0, 0.0, 0, 10, 0, 
296, 15:33:46, 0.1, -8.8, -7.5, 0.0, 0.0, 0.0, 0, 10, 0, 
297, 15:33:47, -0.0, -9.6, -8.2, 0.0, 0.0, 0.0, 0, 10, 0, 
298, 15:33:48, -0.1, -9.6, -8.0, 0.0, 0.0, 0.0, 0, 10, 0, 
299, 15:33:49, -0.2, -9.6, -7.9, 0.0, 0.0, 0.0, 0, 10, 0, 
300, 15:33:50, -0.0, -9.6, -8.1, 0.0, 0.0, 0.0, 0, 10, 0, 
301, 15:33:51, 0.3, -9.6, -8.7, 0.0, 0.0, 0.0, 0, 10, 0, 
302, 15:33:53, 0.1, -9.6, -8.4, 0.0, 0.0, 0.0, 0, 13000, 0,  Distension=11; 
303, 15:33:53, -0.0, -9.6, -8.1, 0.0, 0.0, 0.0, 0, 11, 0, 
304, 15:33:54, 5.2, 8.8, 0.7, 0.0, 0.0, 0.0, 0, 11, 0, 
305, 15:33:55, 10.4, 52.3, 34.5, 0.0, 0.0, 0.0, 0, 11, 0, 
306, 15:33:56, 11.5, 94.9, 75.0, 0.0, 0.0, 0.0, 0, 11, 0, 
307, 15:33:57, 13.7, 138.3, 114.6, 0.0, 0.0, 0.0, 0, 11, 0, 
308, 15:33:58, 20.8, 180.9, 144.5, 0.0, 0.0, 0.0, 0, 11, 0, 
309, 15:33:59, 28.1, 217.1, 167.7, 0.0, 0.0, 0.0, 0, 11, 0, 
310, 15:34:00, 29.2, 231.6, 180.3, 0.0, 0.0, 0.0, 0, 11, 0, 
311, 15:34:01, 30.1, 238.0, 185.2, 0.0, 0.0, 0.0, 0, 11, 0, 
312, 15:34:02, 30.1, 236.4, 183.6, 0.0, 0.0, 0.0, 0, 11, 0, 
313, 15:34:03, 30.1, 234.8, 182.0, 0.0, 0.0, 0.0, 0, 11, 0, 
314, 15:34:04, 30.1, 234.8, 182.0, 0.0, 0.0, 0.0, 0, 11, 0, 
315, 15:34:04, 30.2, 234.8, 181.8, 0.0, 0.0, 0.0, 0, 11, 0, 
316, 15:34:06, 30.1, 234.8, 182.1, 0.0, 0.0, 0.0, 0, 11, 0, 
317, 15:34:07, 29.7, 238.0, 185.9, 0.0, 0.0, 0.0, 0, 11, 0, 
318, 15:34:08, 29.9, 245.2, 192.8, 0.0, 0.0, 0.0, 0, 11, 0, 
319, 15:34:09, 29.5, 251.7, 199.8, 0.0, 0.0, 0.0, 0, 11, 0, 
320, 15:34:09, 29.8, 255.7, 203.5, 0.0, 0.0, 0.0, 0, 11, 0, 
321, 15:34:11, 29.8, 258.9, 206.6, 0.0, 0.0, 0.0, 0, 11, 0, 
322, 15:34:12, 30.1, 264.5, 211.7, 0.0, 0.0, 0.0, 0, 11, 20,  Prompt ON; 
323, 15:34:13, 30.0, 266.1, 213.5, 0.0, 0.0, 0.0, 0, 11, 0, 
324, 15:34:14, 29.8, 266.1, 213.8, 0.0, 0.0, 0.0, 0, 11, 0, 
325, 15:34:15, 29.7, 267.7, 215.6, 0.0, 0.0, 0.0, 0, 11, 0, 
326, 15:34:16, 29.9, 268.5, 216.1, 0.0, 0.0, 0.0, 0, 11, 0, 
327, 15:34:17, 29.8, 270.1, 217.9, 0.0, 0.0, 0.0, 0, 11, 0, 
328, 15:34:18, 30.2, 271.8, 218.8, 0.0, 0.0, 0.0, 0, 11, 0, 
329, 15:34:19, 30.0, 273.4, 220.7, 0.0, 0.0, 0.0, 0, 11, 0, 
330, 15:34:20, 29.9, 275.0, 222.6, 0.0, 0.0, 0.0, 0, 11, 0, 
331, 15:34:21, 29.9, 275.0, 222.5, 0.0, 0.0, 0.0, 0, 11, 0, 
332, 15:34:23, 30.0, 275.8, 223.2, 0.0, 0.0, 0.0, 0, 10000, 0,  Distension=12; 
333, 15:34:23, 29.8, 275.8, 223.6, 0.0, 0.0, 0.0, 0, 12, 0, 
334, 15:34:24, 20.7, 248.4, 212.1, 0.0, 0.0, 0.0, 0, 12, 0, 
335, 15:34:24, 12.0, 205.0, 184.4, 0.0, 0.0, 0.0, 0, 12, 0, 
336, 15:34:26, 6.6, 162.4, 151.6, 0.0, 0.0, 0.0, 0, 12, 0, 
337, 15:34:27, 4.1, 121.4, 115.2, 0.0, 0.0, 0.0, 0, 12, 0, 
338, 15:34:28, 4.1, 87.6, 81.4, 0.0, 0.0, 0.0, 0, 12, 0, 
339, 15:34:28, 3.7, 53.9, 48.5, 0.0, 0.0, 0.0, 0, 12, 0, 
340, 15:34:30, 2.0, 28.1, 25.8, 0.0, 0.0, 0.0, 0, 12, 0, 
341, 15:34:31, 1.0, 13.7, 13.3, 0.0, 0.0, 0.0, 0, 12, 0, 
342, 15:34:32, 0.2, 0.0, 1.1, 0.0, 0.0, 0.0, 0, 12, 0, 
343, 15:34:32, 0.1, -2.4, -1.1, 0.0, 0.0, 0.0, 0, 12, 0, 
344, 15:34:34, 0.3, -2.4, -1.5, 0.0, 0.0, 0.0, 0, 12, 0, 
345, 15:34:35, -0.1, -4.8, -3.1, 0.0, 0.0, 0.0, 0, 12, 0, 
346, 15:34:36, 0.5, -5.6, -5.1, 0.0, 0.0, 0.0, 0, 12, 0, 
347, 15:34:37, -0.1, -6.4, -4.7, 0.0, 0.0, 0.0, 0, 12, 0, 
348, 15:34:38, 0.1, -6.4, -5.2, 0.0, 0.0, 0.0, 0, 12, 0, 
349, 15:34:38, 0.0, -6.4, -5.0, 0.0, 0.0, 0.0, 0, 12, 0, 
350, 15:34:40, 0.1, -6.4, -5.1, 0.0, 0.0, 0.0, 0, 12, 0, 
351, 15:34:41, 0.2, -6.4, -5.4, 0.0, 0.0, 0.0, 0, 12, 0, 
352, 15:34:42, -0.0, -8.8, -7.3, 0.0, 0.0, 0.0, 0, 12, 0, 
353, 15:34:43, -0.2, -8.8, -7.0, 0.0, 0.0, 0.0, 0, 12, 0, 
354, 15:34:43, -0.1, -8.8, -7.1, 0.0, 0.0, 0.0, 0, 12, 0, 
355, 15:34:45, 0.0, -8.8, -7.5, 0.0, 0.0, 0.0, 0, 12, 0, 
356, 15:34:45, 0.0, -8.8, -7.5, 0.0, 0.0, 0.0, 0, 12, 0, 
357, 15:34:47, 0.0, -8.8, -7.5, 0.0, 0.0, 0.0, 0, 12, 0, 
358, 15:34:48, 0.1, -8.8, -7.5, 0.0, 0.0, 0.0, 0, 12, 0, 
359, 15:34:49, 0.2, -9.6, -8.6, 0.0, 0.0, 0.0, 0, 12, 0, 
360, 15:34:50, 0.2, -9.6, -8.5, 0.0, 0.0, 0.0, 0, 12, 0, 
361, 15:34:50, -0.0, -9.6, -8.2, 0.0, 0.0, 0.0, 0, 12, 0, 
362, 15:34:53, 0.0, -9.6, -8.3, 0.0, 0.0, 0.0, 0, 13500, 0,  Distension=13; 
363, 15:34:53, 0.1, -9.6, -8.4, 0.0, 0.0, 0.0, 0, 13, 0, 
364, 15:34:54, 6.4, 7.2, -3.1, 0.0, 0.0, 0.0, 0, 13, 0, 
365, 15:34:55, 9.5, 50.7, 34.5, 0.0, 0.0, 0.0, 0, 13, 0, 
366, 15:34:56, 10.7, 93.3, 74.9, 0.0, 0.0, 0.0, 0, 13, 0, 
367, 15:34:57, 13.3, 136.7, 113.6, 0.0, 0.0, 0.0, 0, 13, 0, 
368, 15:34:58, 19.6, 180.1, 145.7, 0.0, 0.0, 0.0, 0, 13, 0, 
369, 15:34:59, 26.5, 223.5, 177.1, 0.0, 0.0, 0.0, 0, 13, 0, 
370, 15:35:00, 33.2, 261.3, 203.2, 0.0, 0.0, 0.0, 0, 13, 0, 
371, 15:35:00, 34.6, 272.6, 212.0, 0.0, 0.0, 0.0, 0, 13, 0, 
372, 15:35:02, 34.8, 275.0, 214.1, 0.0, 0.0, 0.0, 0, 13, 0, 
373, 15:35:03, 35.2, 277.4, 215.7, 0.0, 0.0, 0.0, 0, 13, 0, 
374, 15:35:04, 35.1, 277.4, 216.0, 0.0, 0.0, 0.0, 0, 13, 0, 
375, 15:35:04, 34.7, 275.8, 215.1, 0.0, 0.0, 0.0, 0, 13, 0, 
376, 15:35:06, 35.2, 274.2, 212.7, 0.0, 0.0, 0.0, 0, 13, 0, 
377, 15:35:07, 34.7, 273.4, 212.7, 0.0, 0.0, 0.0, 0, 13, 0, 
378, 15:35:08, 34.8, 279.0, 218.1, 0.0, 0.0, 0.0, 0, 13, 0, 
379, 15:35:09, 34.5, 284.6, 224.3, 0.0, 0.0, 0.0, 0, 13, 0, 
380, 15:35:10, 34.9, 291.0, 229.9, 0.0, 0.0, 0.0, 0, 13, 0, 
381, 15:35:11, 35.0, 292.7, 231.4, 0.0, 0.0, 0.0, 0, 13, 0, 
382, 15:35:11, 35.3, 296.7, 235.0, 0.0, 0.0, 0.0, 0, 13, 20,  Prompt ON; 
383, 15:35:12, 34.6, 298.3, 237.7, 0.0, 0.0, 0.0, 0, 13, 0, 
384, 15:35:14, 34.5, 300.7, 240.3, 0.0, 0.0, 0.0, 0, 13, 0, 
385, 15:35:15, 35.0, 301.5, 240.3, 0.0, 0.0, 0.0, 0, 13, 0, 
386, 15:35:16, 35.0, 302.3, 241.0, 0.0, 0.0, 0.0, 0, 13, 0, 
387, 15:35:17, 35.1, 303.9, 242.5, 0.0, 0.0, 0.0, 0, 13, 0, 
388, 15:35:18, 35.1, 303.9, 242.6, 0.0, 0.0, 0.0, 0, 13, 0, 
389, 15:35:19, 34.9, 302.3, 241.4, 0.0, 0.0, 0.0, 0, 13, 0, 
390, 15:35:20, 35.2, 305.5, 243.9, 0.0, 0.0, 0.0, 0, 13, 0, 
391, 15:35:21, 35.0, 307.1, 246.0, 0.0, 0.0, 0.0, 0, 13, 0, 
392, 15:35:23, 34.4, 307.9, 247.8, 0.0, 0.0, 0.0, 0, 10000, 0,  Distension=14; 
393, 15:35:23, 34.4, 309.5, 249.4, 0.0, 0.0, 0.0, 0, 14, 0, 
394, 15:35:24, 24.9, 283.0, 239.2, 0.0, 0.0, 0.0, 0, 14, 0, 
395, 15:35:25, 15.5, 239.6, 212.6, 0.0, 0.0, 0.0, 0, 14, 0, 
396, 15:35:26, 9.7, 196.2, 179.7, 0.0, 0.0, 0.0, 0, 14, 0, 
397, 15:35:26, 5.8, 153.6, 144.2, 0.0, 0.0, 0.0, 0, 14, 0, 
398, 15:35:28, 4.0, 114.2, 108.2, 0.0, 0.0, 0.0, 0, 14, 0, 
399, 15:35:29, 4.3, 83.6, 77.1, 0.0, 0.0, 0.0, 0, 14, 0, 
400, 15:35:30, 4.2, 46.6, 40.3, 0.0, 0.0, 0.0, 0, 14, 0, 
401, 15:35:30, 1.8, 17.7, 15.8, 0.0, 0.0, 0.0, 0, 14, 0, 
402, 15:35:32, 0.2, 6.4, 7.5, 0.0, 0.0, 0.0, 0, 14, 0, 
403, 15:35:33, -0.1, 0.8, 2.4, 0.0, 0.0, 0.0, 0, 14, 0, 
404, 15:35:34, 0.4, -1.6, -1.0, 0.0, 0.0, 0.0, 0, 14, 0, 
405, 15:35:35, 0.1, -5.6, -4.4, 0.0, 0.0, 0.0, 0, 14, 0, 
406, 15:35:36, 0.0, -5.6, -4.2, 0.0, 0.0, 0.0, 0, 14, 0, 
407, 15:35:37, 0.1, -5.6, -4.4, 0.0, 0.0, 0.0, 0, 14, 0, 
408, 15:35:38, 0.3, -5.6, -4.7, 0.0, 0.0, 0.0, 0, 14, 0, 
409, 15:35:38, 0.0, -8.0, -6.7, 0.0, 0.0, 0.0, 0, 14, 0, 
410, 15:35:40, -0.1, -8.0, -6.4, 0.0, 0.0, 0.0, 0, 14, 0, 
411, 15:35:41, -0.0, -8.0, -6.5, 0.0, 0.0, 0.0, 0, 14, 0, 
412, 15:35:42, 0.2, -8.0, -7.0, 0.0, 0.0, 0.0, 0, 14, 0, 
413, 15:35:42, 0.0, -9.6, -8.2, 0.0, 0.0, 0.0, 0, 14, 0, 
414, 15:35:44, 0.2, -9.6, -8.6, 0.0, 0.0, 0.0, 0, 14, 0, 
415, 15:35:45, -0.1, -9.6, -8.0, 0.0, 0.0, 0.0, 0, 14, 0, 
416, 15:35:46, -0.1, -9.6, -7.9, 0.0, 0.0, 0.0, 0, 14, 0, 
417, 15:35:47, 0.2, -9.6, -8.5, 0.0, 0.0, 0.0, 0, 14, 0, 
418, 15:35:48, -0.0, -9.6, -8.2, 0.0, 0.0, 0.0, 0, 14, 0, 
419, 15:35:49, -0.2, -9.6, -7.9, 0.0, 0.0, 0.0, 0, 14, 0, 
420, 15:35:50, -0.2, -9.6, -7.8, 0.0, 0.0, 0.0, 0, 14, 0, 
421, 15:35:51, -0.0, -9.6, -8.1, 0.0, 0.0, 0.0, 0, 14, 0, 
422, 15:35:53, 0.2, -9.6, -8.6, 0.0, 0.0, 0.0, 0, 14000, 0,  Distension=15; 
423, 15:35:53, 0.0, -9.6, -8.3, 0.0, 0.0, 0.0, 0, 15, 0, 
424, 15:35:54, 4.9, 8.0, 0.4, 0.0, 0.0, 0.0, 0, 15, 0, 
425, 15:35:55, 9.8, 51.5, 34.8, 0.0, 0.0, 0.0, 0, 15, 0, 
426, 15:35:56, 11.6, 94.1, 74.2, 0.0, 0.0, 0.0, 0, 15, 0, 
427, 15:35:57, 12.7, 137.5, 115.5, 0.0, 0.0, 0.0, 0, 15, 0, 
428, 15:35:58, 17.4, 180.9, 150.4, 0.0, 0.0, 0.0, 0, 15, 0, 
429, 15:35:59, 23.8, 223.5, 181.6, 0.0, 0.0, 0.0, 0, 15, 0, 
430, 15:36:00, 31.1, 266.9, 212.5, 0.0, 0.0, 0.0, 0, 15, 0, 
431, 15:36:01, 39.2, 298.3, 230.0, 0.0, 0.0, 0.0, 0, 15, 0, 
432, 15:36:02, 40.1, 306.3, 236.5, 0.0, 0.0, 0.0, 0, 15, 0, 
433, 15:36:03, 39.7, 309.5, 240.4, 0.0, 0.0, 0.0, 0, 15, 0, 
434, 15:36:04, 39.9, 311.1, 241.5, 0.0, 0.0, 0.0, 0, 15, 0, 
435, 15:36:05, 39.8, 310.3, 241.0, 0.0, 0.0, 0.0, 0, 15, 0, 
436, 15:36:06, 40.2, 307.9, 238.0, 0.0, 0.0, 0.0, 0, 15, 0, 
437, 15:36:07, 40.2, 307.1, 237.1, 0.0, 0.0, 0.0, 0, 15, 0, 
438, 15:36:08, 39.5, 307.1, 238.3, 0.0, 0.0, 0.0, 0, 15, 0, 
439, 15:36:09, 40.2, 311.1, 241.0, 0.0, 0.0, 0.0, 0, 15, 0, 
440, 15:36:10, 39.7, 313.6, 244.3, 0.0, 0.0, 0.0, 0, 15, 0, 
441, 15:36:11, 39.5, 320.8, 251.9, 0.0, 0.0, 0.0, 0, 15, 0, 
442, 15:36:12, 39.7, 324.8, 255.6, 0.0, 0.0, 0.0, 0, 15, 20,  Prompt ON; 
443, 15:36:13, 39.7, 326.4, 257.3, 0.0, 0.0, 0.0, 0, 15, 0, 
444, 15:36:14, 39.6, 328.8, 259.7, 0.0, 0.0, 0.0, 0, 15, 0, 
445, 15:36:15, 40.1, 330.4, 260.5, 0.0, 0.0, 0.0, 0, 15, 0, 
446, 15:36:16, 39.8, 332.1, 262.7, 0.0, 0.0, 0.0, 0, 15, 0, 
447, 15:36:17, 40.1, 332.1, 262.2, 0.0, 0.0, 0.0, 0, 15, 0, 
448, 15:36:18, 40.0, 332.1, 262.4, 0.0, 0.0, 0.0, 0, 15, 0, 
449, 15:36:19, 39.7, 334.5, 265.3, 0.0, 0.0, 0.0, 0, 15, 0, 
450, 15:36:20, 39.5, 336.1, 267.1, 0.0, 0.0, 0.0, 0, 15, 0, 
451, 15:36:21, 40.3, 340.9, 270.7, 0.0, 0.0, 0.0, 0, 15, 0, 
452, 15:36:23, 40.1, 340.9, 271.0, 0.0, 0.0, 0.0, 0, 10000, 0,  Distension=16; 
453, 15:36:23, 39.9, 340.9, 271.3, 0.0, 0.0, 0.0, 0, 16, 0, 
454, 15:36:24, 29.3, 313.6, 262.1, 0.0, 0.0, 0.0, 0, 16, 0, 
455, 15:36:25, 17.0, 270.1, 240.5, 0.0, 0.0, 0.0, 0, 16, 0, 
456, 15:36:26, 11.0, 227.5, 208.7, 0.0, 0.0, 0.0, 0, 16, 0, 
457, 15:36:27, 8.6, 184.1, 169.6, 0.0, 0.0, 0.0, 0, 16, 0, 
458, 15:36:28, 5.1, 140.7, 132.7, 0.0, 0.0, 0.0, 0, 16, 0, 
459, 15:36:29, 3.7, 106.1, 100.7, 0.0, 0.0, 0.0, 0, 16, 0, 
460, 15:36:30, 2.8, 77.2, 73.4, 0.0, 0.0, 0.0, 0, 16, 0, 
461, 15:36:31, 3.2, 48.2, 43.8, 0.0, 0.0, 0.0, 0, 16, 0, 
462, 15:36:32, 3.0, 20.1, 15.9, 0.0, 0.0, 0.0, 0, 16, 0, 
463, 15:36:33, 0.0, 2.4, 3.8, 0.0, 0.0, 0.0, 0, 16, 0, 
464, 15:36:34, 0.2, 1.6, 2.6, 0.0, 0.0, 0.0, 0, 16, 0, 
465, 15:36:35, 0.2, -1.6, -0.5, 0.0, 0.0, 0.0, 0, 16, 0, 
466, 15:36:36, 0.2, -4.8, -3.8, 0.0, 0.0, 0.0, 0, 16, 0, 
467, 15:36:37, 0.0, -4.8, -3.4, 0.0, 0.0, 0.0, 0, 16, 0, 
468, 15:36:38, 0.1, -4.8, -3.5, 0.0, 0.0, 0.0, 0, 16, 0, 
469, 15:36:39, 0.1, -4.8, -3.6, 0.0, 0.0, 0.0, 0, 16, 0, 
470, 15:36:40, 0.1, -7.2, -5.9, 0.0, 0.0, 0.0, 0, 16, 0, 
471, 15:36:41, 0.0, -7.2, -5.8, 0.0, 0.0, 0.0, 0, 16, 0, 
472, 15:36:42, -0.1, -7.2, -5.6, 0.0, 0.0, 0.0, 0, 16, 0, 
473, 15:36:43, 0.1, -7.2, -6.0, 0.0, 0.0, 0.0, 0, 16, 0, 
474, 15:36:44, 0.2, -8.8, -7.7, 0.0, 0.0, 0.0, 0, 16, 0, 
475, 15:36:45, 0.2, -8.8, -7.7, 0.0, 0.0, 0.0, 0, 16, 0, 
476, 15:36:46, 0.1, -8.8, -7.6, 0.0, 0.0, 0.0, 0, 16, 0, 
477, 15:36:47, 0.3, -8.8, -7.9, 0.0, 0.0, 0.0, 0, 16, 0, 
478, 15:36:48, 0.1, -9.6, -8.3, 0.0, 0.0, 0.0, 0, 16, 0, 
479, 15:36:49, -0.0, -9.6, -8.1, 0.0, 0.0, 0.0, 0, 16, 0, 
480, 15:36:50, -0.0, -9.6, -8.1, 0.0, 0.0, 0.0, 0, 16, 0, 
481, 15:36:51, 0.1, -9.6, -8.4, 0.0, 0.0, 0.0, 0, 16, 0, 
482, 15:36:53, -0.6, -10.5, -7.9, 0.0, 0.0, 0.0, 0, 14500, 0,  Distension=17; 
483, 15:36:53, -0.1, -9.6, -7.9, 0.0, 0.0, 0.0, 0, 17, 0, 
484, 15:36:54, 5.0, 8.8, 1.0, 0.0, 0.0, 0.0, 0, 17, 0, 
485, 15:36:55, 9.5, 51.5, 35.3, 0.0, 0.0, 0.0, 0, 17, 0, 
486, 15:36:56, 12.0, 94.9, 74.3, 0.0, 0.0, 0.0, 0, 17, 0, 
487, 15:36:57, 13.2, 137.5, 114.7, 0.0, 0.0, 0.0, 0, 17, 0, 
488, 15:36:58, 16.4, 180.9, 152.3, 0.0, 0.0, 0.0, 0, 17, 0, 
489, 15:36:59, 22.5, 224.3, 184.8, 0.0, 0.0, 0.0, 0, 17, 0, 
490, 15:37:00, 28.8, 266.9, 216.4, 0.0, 0.0, 0.0, 0, 17, 0, 
491, 15:37:01, 39.2, 310.3, 242.1, 0.0, 0.0, 0.0, 0, 17, 0, 
492, 15:37:02, 44.6, 332.1, 254.6, 0.0, 0.0, 0.0, 0, 17, 0, 
493, 15:37:03, 45.0, 337.7, 259.5, 0.0, 0.0, 0.0, 0, 17, 0, 
494, 15:37:04, 44.3, 340.1, 263.2, 0.0, 0.0, 0.0, 0, 17, 0, 
495, 15:37:05, 45.1, 341.7, 263.5, 0.0, 0.0, 0.0, 0, 17, 0, 
496, 15:37:06, 44.8, 338.5, 260.8, 0.0, 0.0, 0.0, 0, 17, 0, 
497, 15:37:07, 44.9, 336.9, 259.0, 0.0, 0.0, 0.0, 0, 17, 0, 
498, 15:37:08, 45.1, 336.9, 258.7, 0.0, 0.0, 0.0, 0, 17, 0, 
499, 15:37:09, 45.1, 336.9, 258.6, 0.0, 0.0, 0.0, 0, 17, 0, 
500, 15:37:10, 44.9, 336.1, 258.2, 0.0, 0.0, 0.0, 0, 17, 0, 
501, 15:37:11, 44.8, 338.5, 260.7, 0.0, 0.0, 0.0, 0, 17, 0, 
502, 15:37:11, 45.1, 342.5, 264.3, 0.0, 0.0, 0.0, 0, 17, 20,  Prompt ON; 
503, 15:37:13, 45.2, 344.1, 265.7, 0.0, 0.0, 0.0, 0, 17, 0, 
504, 15:37:14, 44.7, 348.1, 270.5, 0.0, 0.0, 0.0, 0, 17, 0, 
505, 15:37:15, 45.1, 353.8, 275.5, 0.0, 0.0, 0.0, 0, 17, 0, 
506, 15:37:16, 44.9, 356.2, 278.2, 0.0, 0.0, 0.0, 0, 17, 0, 
507, 15:37:17, 45.0, 358.6, 280.5, 0.0, 0.0, 0.0, 0, 17, 0, 
508, 15:37:18, 45.1, 361.8, 283.6, 0.0, 0.0, 0.0, 0, 17, 0, 
509, 15:37:19, 44.9, 364.2, 286.3, 0.0, 0.0, 0.0, 0, 17, 0, 
510, 15:37:20, 44.7, 365.8, 288.2, 0.0, 0.0, 0.0, 0, 17, 0, 
511, 15:37:21, 44.9, 367.4, 289.4, 0.0, 0.0, 0.0, 0, 17, 0, 
512, 15:37:23, 44.9, 368.2, 290.4, 0.0, 0.0, 0.0, 0, 10000, 0,  Distension=18; 
513, 15:37:23, 44.9, 369.0, 291.1, 0.0, 0.0, 0.0, 0, 18, 0, 
514, 15:37:24, 33.7, 340.9, 282.0, 0.0, 0.0, 0.0, 0, 18, 0, 
515, 15:37:25, 20.3, 297.5, 261.9, 0.0, 0.0, 0.0, 0, 18, 0, 
516, 15:37:26, 11.8, 254.9, 234.5, 0.0, 0.0, 0.0, 0, 18, 0, 
517, 15:37:27, 7.2, 211.5, 199.5, 0.0, 0.0, 0.0, 0, 18, 0, 
518, 15:37:28, 5.3, 168.8, 160.5, 0.0, 0.0, 0.0, 0, 18, 0, 
519, 15:37:29, 5.0, 125.4, 117.5, 0.0, 0.0, 0.0, 0, 18, 0, 
520, 15:37:30, 3.2, 91.7, 87.2, 0.0, 0.0, 0.0, 0, 18, 0, 
521, 15:37:31, 2.5, 64.3, 61.2, 0.0, 0.0, 0.0, 0, 18, 0, 
522, 15:37:32, 2.4, 35.4, 32.4, 0.0, 0.0, 0.0, 0, 18, 0, 
523, 15:37:33, 1.0, 19.3, 19.0, 0.0, 0.0, 0.0, 0, 18, 0, 
524, 15:37:34, 0.1, 11.3, 12.5, 0.0, 0.0, 0.0, 0, 18, 0, 
525, 15:37:35, 0.2, 8.0, 9.1, 0.0, 0.0, 0.0, 0, 18, 0, 
526, 15:37:36, 0.5, 1.6, 2.1, 0.0, 0.0, 0.0, 0, 18, 0, 
527, 15:37:37, -0.2, -1.6, 0.2, 0.0, 0.0, 0.0, 0, 18, 0, 
528, 15:37:38, -0.1, -1.6, 0.0, 0.0, 0.0, 0.0, 0, 18, 0, 
529, 15:37:39, -0.1, -1.6, -0.0, 0.0, 0.0, 0.0, 0, 18, 0, 
530, 15:37:40, 0.2, -3.2, -2.1, 0.0, 0.0, 0.0, 0, 18, 0, 
531, 15:37:41, 0.0, -4.8, -3.5, 0.0, 0.0, 0.0, 0, 18, 0, 
532, 15:37:42, -0.1, -4.8, -3.2, 0.0, 0.0, 0.0, 0, 18, 0, 
533, 15:37:43, -0.1, -4.8, -3.2, 0.0, 0.0, 0.0, 0, 18, 0, 
534, 15:37:44, -0.1, -6.4, -4.8, 0.0, 0.0, 0.0, 0, 18, 0, 
535, 15:37:45, 0.2, -6.4, -5.4, 0.0, 0.0, 0.0, 0, 18, 0, 
536, 15:37:46, -0.1, -6.4, -4.8, 0.0, 0.0, 0.0, 0, 18, 0, 
537, 15:37:47, -0.2, -6.4, -4.5, 0.0, 0.0, 0.0, 0, 18, 0, 
538, 15:37:48, 0.3, -6.4, -5.6, 0.0, 0.0, 0.0, 0, 18, 0, 
539, 15:37:49, -0.0, -8.0, -6.6, 0.0, 0.0, 0.0, 0, 18, 0, 
540, 15:37:50, -0.3, -8.0, -6.1, 0.0, 0.0, 0.0, 0, 18, 0, 
541, 15:37:51, -0.1, -6.4, -4.8, 0.0, 0.0, 0.0, 0, 18, 0, 
542, 15:37:53, 0.3, -6.4, -5.5, 0.0, 0.0, 0.0, 0, 15000, 0,  Distension=19; 
543, 15:37:53, -0.1, -8.8, -7.2, 0.0, 0.0, 0.0, 0, 19, 0, 
544, 15:37:54, 4.5, 10.5, 3.5, 0.0, 0.0, 0.0, 0, 19, 0, 
545, 15:37:55, 8.5, 53.1, 38.7, 0.0, 0.0, 0.0, 0, 19, 0, 
546, 15:37:56, 12.1, 96.5, 75.6, 0.0, 0.0, 0.0, 0, 19, 0, 
547, 15:37:57, 14.5, 139.9, 114.8, 0.0, 0.0, 0.0, 0, 19, 0, 
548, 15:37:58, 16.1, 182.5, 154.5, 0.0, 0.0, 0.0, 0, 19, 0, 
549, 15:37:59, 20.1, 225.9, 190.7, 0.0, 0.0, 0.0, 0, 19, 0, 
550, 15:38:00, 27.4, 268.5, 220.5, 0.0, 0.0, 0.0, 0, 19, 0, 
551, 15:38:01, 36.6, 312.0, 248.0, 0.0, 0.0, 0.0, 0, 19, 0, 
552, 15:38:02, 48.6, 352.2, 268.0, 0.0, 0.0, 0.0, 0, 19, 0, 
553, 15:38:03, 49.6, 362.6, 276.9, 0.0, 0.0, 0.0, 0, 19, 0, 
554, 15:38:04, 50.1, 367.4, 280.9, 0.0, 0.0, 0.0, 0, 19, 0, 
555, 15:38:05, 50.0, 369.8, 283.5, 0.0, 0.0, 0.0, 0, 19, 0, 
556, 15:38:06, 50.1, 369.8, 283.4, 0.0, 0.0, 0.0, 0, 19, 0, 
557, 15:38:07, 50.2, 368.2, 281.6, 0.0, 0.0, 0.0, 0, 19, 0, 
558, 15:38:08, 49.8, 365.8, 279.7, 0.0, 0.0, 0.0, 0, 19, 0, 
559, 15:38:09, 49.7, 365.8, 279.9, 0.0, 0.0, 0.0, 0, 19, 0, 
560, 15:38:10, 50.0, 366.6, 280.3, 0.0, 0.0, 0.0, 0, 19, 0, 
561, 15:38:11, 49.5, 366.6, 281.2, 0.0, 0.0, 0.0, 0, 19, 0, 
562, 15:38:12, 49.9, 366.6, 280.5, 0.0, 0.0, 0.0, 0, 19, 20,  Prompt ON; 
563, 15:38:13, 50.2, 369.0, 282.3, 0.0, 0.0, 0.0, 0, 19, 0, 
564, 15:38:14, 49.5, 369.8, 284.3, 0.0, 0.0, 0.0, 0, 19, 0, 
565, 15:38:15, 49.6, 372.3, 286.6, 0.0, 0.0, 0.0, 0, 19, 0, 
566, 15:38:16, 49.8, 374.7, 288.7, 0.0, 0.0, 0.0, 0, 19, 0, 
567, 15:38:17, 50.1, 379.5, 293.0, 0.0, 0.0, 0.0, 0, 19, 0, 
568, 15:38:18, 49.8, 381.9, 295.8, 0.0, 0.0, 0.0, 0, 19, 0, 
569, 15:38:19, 49.6, 385.9, 300.2, 0.0, 0.0, 0.0, 0, 19, 0, 
570, 15:38:20, 49.7, 389.1, 303.3, 0.0, 0.0, 0.0, 0, 19, 0, 
571, 15:38:21, 49.1, 392.4, 307.5, 0.0, 0.0, 0.0, 0, 19, 0, 
572, 15:38:23, 49.6, 394.8, 309.0, 0.0, 0.0, 0.0, 0, 10000, 0,  Distension=20; 
573, 15:38:23, 49.8, 395.6, 309.4, 0.0, 0.0, 0.0, 0, 20, 0, 
574, 15:38:24, 37.1, 366.6, 301.8, 0.0, 0.0, 0.0, 0, 20, 0, 
575, 15:38:25, 21.5, 324.0, 286.3, 0.0, 0.0, 0.0, 0, 20, 0, 
576, 15:38:26, 12.8, 280.6, 258.5, 0.0, 0.0, 0.0, 0, 20, 0, 
577, 15:38:27, 8.6, 237.2, 222.6, 0.0, 0.0, 0.0, 0, 20, 0, 
578, 15:38:28, 7.9, 194.6, 181.4, 0.0, 0.0, 0.0, 0, 20, 0, 
579, 15:38:29, 5.2, 151.2, 143.0, 0.0, 0.0, 0.0, 0, 20, 0, 
580, 15:38:30, 3.7, 115.0, 109.5, 0.0, 0.0, 0.0, 0, 20, 0, 
581, 15:38:31, 3.1, 86.0, 81.8, 0.0, 0.0, 0.0, 0, 20, 0, 
582, 15:38:32, 4.0, 57.9, 51.9, 0.0, 0.0, 0.0, 0, 20, 0, 
583, 15:38:33, 2.0, 30.6, 28.3, 0.0, 0.0, 0.0, 0, 20, 0, 
584, 15:38:34, 0.4, 16.1, 16.9, 0.0, 0.0, 0.0, 0, 20, 0, 
585, 15:38:35, 0.5, 8.0, 8.5, 0.0, 0.0, 0.0, 0, 20, 0, 
586, 15:38:36, 0.0, -0.8, 0.6, 0.0, 0.0, 0.0, 0, 20, 0, 
587, 15:38:37, -0.0, -0.8, 0.7, 0.0, 0.0, 0.0, 0, 20, 0, 
588, 15:38:38, 0.1, -0.8, 0.5, 0.0, 0.0, 0.0, 0, 20, 0, 
589, 15:38:39, 0.5, -2.4, -1.8, 0.0, 0.0, 0.0, 0, 20, 0, 
590, 15:38:40, -0.0, -5.6, -4.1, 0.0, 0.0, 0.0, 0, 20, 0, 
591, 15:38:41, -0.1, -5.6, -4.0, 0.0, 0.0, 0.0, 0, 20, 0, 
592, 15:38:42, 0.0, -5.6, -4.3, 0.0, 0.0, 0.0, 0, 20, 0, 
593, 15:38:43, -0.0, -5.6, -4.1, 0.0, 0.0, 0.0, 0, 20, 0, 
594, 15:38:44, 0.2, -5.6, -4.6, 0.0, 0.0, 0.0, 0, 20, 0, 
595, 15:38:45, 0.1, -8.0, -6.8, 0.0, 0.0, 0.0, 0, 20, 0, 
596, 15:38:46, 0.0, -8.0, -6.6, 0.0, 0.0, 0.0, 0, 20, 0, 
597, 15:38:47, -0.1, -8.0, -6.4, 0.0, 0.0, 0.0, 0, 20, 0, 
598, 15:38:48, -0.0, -8.8, -7.4, 0.0, 0.0, 0.0, 0, 20, 0, 
599, 15:38:49, -0.1, -9.6, -8.0, 0.0, 0.0, 0.0, 0, 20, 0, 
600, 15:38:50, -0.3, -9.6, -7.7, 0.0, 0.0, 0.0, 0, 20, 0, 
601, 15:38:51, -0.1, -8.8, -7.2, 0.0, 0.0, 0.0, 0, 20, 0, 
602, 15:38:53, -0.1, -10.5, -8.8, 0.0, 0.0, 0.0, 0, 15500, 0,  Distension=21; 
603, 15:38:53, -0.0, -10.5, -8.9, 0.0, 0.0, 0.0, 0, 21, 0, 
604, 15:38:54, 4.8, 9.6, 2.1, 0.0, 0.0, 0.0, 0, 21, 0, 
605, 15:38:55, 8.9, 52.3, 37.1, 0.0, 0.0, 0.0, 0, 21, 0, 
606, 15:38:56, 12.7, 95.7, 73.7, 0.0, 0.0, 0.0, 0, 21, 0, 
607, 15:38:57, 14.8, 139.1, 113.4, 0.0, 0.0, 0.0, 0, 21, 0, 
608, 15:38:58, 16.3, 181.7, 153.3, 0.0, 0.0, 0.0, 0, 21, 0, 
609, 15:38:59, 19.6, 225.1, 190.9, 0.0, 0.0, 0.0, 0, 21, 0, 
610, 15:39:00, 26.4, 268.5, 222.2, 0.0, 0.0, 0.0, 0, 21, 0, 
611, 15:39:01, 34.7, 311.1, 250.5, 0.0, 0.0, 0.0, 0, 21, 0, 
612, 15:39:02, 46.8, 354.6, 273.5, 0.0, 0.0, 0.0, 0, 21, 0, 
613, 15:39:03, 54.5, 381.1, 287.4, 0.0, 0.0, 0.0, 0, 21, 0, 
614, 15:39:04, 47.7, 371.4, 288.9, 0.0, 0.0, 0.0, 0, 21, 0, 
615, 15:39:05, 36.1, 345.7, 282.6, 0.0, 0.0, 0.0, 0, 21, 0, 
616, 15:39:06, 28.9, 318.4, 267.7, 0.0, 0.0, 0.0, 0, 21, 0, 
617, 15:39:07, 23.9, 292.7, 250.7, 0.0, 0.0, 0.0, 0, 21, 0, 
618, 15:39:08, 20.3, 265.3, 229.7, 0.0, 0.0, 0.0, 0, 21, 0, 
619, 15:39:09, 18.4, 239.6, 207.5, 0.0, 0.0, 0.0, 0, 21, 0, 
620, 15:39:10, 16.1, 212.3, 184.2, 0.0, 0.0, 0.0, 0, 21, 0, 
621, 15:39:11, 13.3, 186.5, 163.5, 0.0, 0.0, 0.0, 0, 21, 0, 
622, 15:39:12, 11.2, 159.2, 139.9, 0.0, 0.0, 0.0, 0, 21, 0, 
623, 15:39:13, 9.8, 133.5, 116.8, 0.0, 0.0, 0.0, 0, 21, 0, 
624, 15:39:14, 6.8, 106.1, 94.9, 0.0, 0.0, 0.0, 0, 21, 0, 
625, 15:39:15, 4.6, 80.4, 73.3, 0.0, 0.0, 0.0, 0, 21, 0, 
626, 15:39:16, 4.6, 53.1, 46.0, 0.0, 0.0, 0.0, 0, 21, 0, 
627, 15:39:17, 2.5, 27.3, 24.2, 0.0, 0.0, 0.0, 0, 21, 0, 
628, 15:39:18, -1.6, 0.0, 4.5, 0.0, 0.0, 0.0, 0, 21, 0, 
629, 15:39:19, -9.4, -25.7, -6.4, 0.0, 0.0, 0.0, 0, 21, 0, 
630, 15:39:20, -0.0, -38.6, -37.1, 0.0, 0.0, 0.0, 0, 21, 0, 
631, 15:39:21, -0.0, -48.2, -46.8, 0.0, 0.0, 0.0, 0, 21, 0, 
632, 15:39:22, -0.0, -48.2, -46.8, 0.0, 0.0, 0.0, 0, 21, 0, 
633, 15:39:23, -0.0, -48.2, -46.8, 0.0, 0.0, 0.0, 0, 21, 0, 
634, 15:39:24, -0.0, -48.2, -46.8, 0.0, 0.0, 0.0, 0, 21, 0, 
635, 15:39:25, -0.0, -48.2, -46.8, 0.0, 0.0, 0.0, 0, 21, 0, 
636, 15:39:26, -0.0, -48.2, -46.8, 0.0, 0.0, 0.0, 0, 21, 0, 
637, 15:39:27, 0.0, -48.2, -46.8, 0.0, 0.0, 0.0, 0, 21, 0, 
638, 15:39:28, -0.0, -48.2, -46.8, 0.0, 0.0, 0.0, 0, 21, 0, 
639, 15:39:29, -0.0, -48.2, -46.8, 0.0, 0.0, 0.0, 0, 21, 0, 
640, 15:39:30, -0.0, -48.2, -46.8, 0.0, 0.0, 0.0, 0, 21, 0, 
641, 15:39:31, -0.0, -48.2, -46.8, 0.0, 0.0, 0.0, 0, 21, 0, 
642, 15:39:32, -0.0, -48.2, -46.8, 0.0, 0.0, 0.0, 0, 21, 0, 
643, 15:39:33, -0.0, -48.2, -46.8, 0.0, 0.0, 0.0, 0, 21, 0, 
644, 15:39:34, -0.0, -48.2, -46.8, 0.0, 0.0, 0.0, 0, 21, 0, 
645, 15:39:35, -0.0, -48.2, -46.7, 0.0, 0.0, 0.0, 0, 21, 0, 
646, 15:39:36, -0.0, -48.2, -46.8, 0.0, 0.0, 0.0, 0, 21, 0, 
647, 15:39:37, 0.0, -48.2, -46.8, 0.0, 0.0, 0.0, 0, 21, 0, 
648, 15:39:38, 0.0, -48.2, -46.8, 0.0, 0.0, 0.0, 0, 21, 0, 
649, 15:39:39, -0.0, -48.2, -46.8, 0.0, 0.0, 0.0, 0, 21, 0, 
650, 15:39:40, -0.0, -48.2, -46.7, 0.0, 0.0, 0.0, 0, 21, 0, 
651, 15:39:41, -0.0, -48.2, -46.8, 0.0, 0.0, 0.0, 0, 21, 0, 
652, 15:39:42, -0.0, -48.2, -46.8, 0.0, 0.0, 0.0, 0, 21, 0, 
653, 15:39:43, -0.0, -48.2, -46.8, 0.0, 0.0, 0.0, 0, 21, 0, 
654, 15:39:44, -0.0, -48.2, -46.8, 0.0, 0.0, 0.0, 0, 21, 0, 
655, 15:39:45, -0.0, -48.2, -46.8, 0.0, 0.0, 0.0, 0, 21, 0, 
656, 15:39:46, 0.0, -48.2, -46.8, 0.0, 0.0, 0.0, 0, 21, 0, 
657, 15:39:47, -0.0, -48.2, -46.8, 0.0, 0.0, 0.0, 0, 21, 0, 
658, 15:39:48, -0.0, -48.2, -46.8, 0.0, 0.0, 0.0, 0, 21, 0, 
659, 15:39:49, -0.0, -48.2, -46.8, 0.0, 0.0, 0.0, 0, 21, 0, 
660, 15:39:50, -0.0, -48.2, -46.8, 0.0, 0.0, 0.0, 0, 21, 0, 
661, 15:39:51, 0.0, -48.2, -46.8, 0.0, 0.0, 0.0, 0, 21, 0, 
662, 15:39:52, -0.0, -48.2, -46.8, 0.0, 0.0, 0.0, 0, 21, 0, 
663, 15:39:53, -0.0, -48.2, -46.7, 0.0, 0.0, 0.0, 0, 21, 0, 
664, 15:39:54, -0.0, -48.2, -46.8, 0.0, 0.0, 0.0, 0, 21, 0, 
665, 15:39:55, -0.0, -48.2, -46.8, 0.0, 0.0, 0.0, 0, 21, 0, 
666, 15:39:56, -0.0, -48.2, -46.8, 0.0, 0.0, 0.0, 0, 21, 0, 
667, 15:39:57, -0.0, -48.2, -46.8, 0.0, 0.0, 0.0, 0, 21, 0, 
668, 15:39:58, -0.0, -48.2, -46.7, 0.0, 0.0, 0.0, 0, 21, 0, 
669, 15:39:59, -0.0, -48.2, -46.8, 0.0, 0.0, 0.0, 0, 21, 0, 
670, 15:40:00, -0.0, -48.2, -46.8, 0.0, 0.0, 0.0, 0, 21, 0, 
671, 15:40:01, -0.0, -48.2, -46.7, 0.0, 0.0, 0.0, 0, 21, 0, 
672, 15:40:02, -0.0, -48.2, -46.8, 0.0, 0.0, 0.0, 0, 21, 0, 
673, 15:40:03, 0.0, -48.2, -46.8, 0.0, 0.0, 0.0, 0, 21, 0, 
674, 15:40:04, -0.0, -48.2, -46.7, 0.0, 0.0, 0.0, 0, 21, 0, 
675, 15:40:05, -0.0, -48.2, -46.8, 0.0, 0.0, 0.0, 0, 21, 0, 
676, 15:40:06, -0.0, -48.2, -46.8, 0.0, 0.0, 0.0, 0, 21, 0, 
677, 15:40:07, -0.0, -48.2, -46.8, 0.0, 0.0, 0.0, 0, 21, 0, 
678, 15:40:08, -0.0, -48.2, -46.8, 0.0, 0.0, 0.0, 0, 21, 0, 
679, 15:40:09, -0.0, -48.2, -46.7, 0.0, 0.0, 0.0, 0, 21, 0, 
680, 15:40:10, -0.0, -48.2, -46.8, 0.0, 0.0, 0.0, 0, 21, 0, 
681, 15:40:11, -0.0, -48.2, -46.7, 0.0, 0.0, 0.0, 0, 21, 0, 
682, 15:40:12, 0.0, -48.2, -46.8, 0.0, 0.0, 0.0, 0, 21, 0, 
683, 15:40:13, 0.0, -48.2, -46.8, 0.0, 0.0, 0.0, 0, 21, 0, 
684, 15:40:14, -0.0, -48.2, -46.7, 0.0, 0.0, 0.0, 0, 21, 0, 
685, 15:40:15, 0.0, -48.2, -46.8, 0.0, 0.0, 0.0, 0, 21, 0, 
686, 15:40:16, -0.0, -48.2, -46.8, 0.0, 0.0, 0.0, 0, 21, 0, 
687, 15:40:17, -0.0, -48.2, -46.8, 0.0, 0.0, 0.0, 0, 21, 0, 
688, 15:40:18, 0.0, -48.2, -46.8, 0.0, 0.0, 0.0, 0, 21, 0, 
689, 15:40:19, -0.0, -48.2, -46.8, 0.0, 0.0, 0.0, 0, 21, 0, 
690, 15:40:20, -0.0, -48.2, -46.8, 0.0, 0.0, 0.0, 0, 21, 0, 
691, 15:40:21, -0.0, -48.2, -46.7, 0.0, 0.0, 0.0, 0, 21, 0, 
692, 15:40:22, -0.0, -48.2, -46.8, 0.0, 0.0, 0.0, 0, 21, 0, 
693, 15:40:23, -0.0, -48.2, -46.8, 0.0, 0.0, 0.0, 0, 21, 0, 
694, 15:40:24, 0.0, -48.2, -46.8, 0.0, 0.0, 0.0, 0, 21, 0, 
695, 15:40:25, 0.0, -48.2, -46.8, 0.0, 0.0, 0.0, 0, 21, 0, 
696, 15:40:26, -0.0, -48.2, -46.8, 0.0, 0.0, 0.0, 0, 21, 0, 
697, 15:40:27, -0.0, -48.2, -46.8, 0.0, 0.0, 0.0, 0, 21, 0, 
698, 15:40:28, -0.0, -48.2, -46.8, 0.0, 0.0, 0.0, 0, 21, 0, 
699, 15:40:29, -0.0, -48.2, -46.8, 0.0, 0.0, 0.0, 0, 21, 0, 
700, 15:40:30, -0.0, -48.2, -46.8, 0.0, 0.0, 0.0, 0, 21, 0, 
701, 15:40:31, -0.0, -48.2, -46.8, 0.0, 0.0, 0.0, 0, 21, 0, 
702, 15:40:32, -0.0, -48.2, -46.8, 0.0, 0.0, 0.0, 0, 21, 0, 
703, 15:40:33, 0.0, -48.2, -46.8, 0.0, 0.0, 0.0, 0, 21, 0, 
704, 15:40:34, -0.0, -48.2, -46.8, 0.0, 0.0, 0.0, 0, 21, 0, 
705, 15:40:35, -0.0, -48.2, -46.8, 0.0, 0.0, 0.0, 0, 21, 0, 
706, 15:40:36, -0.0, -48.2, -46.8, 0.0, 0.0, 0.0, 0, 21, 0, 
707, 15:40:37, -0.0, -48.2, -46.8, 0.0, 0.0, 0.0, 0, 21, 0, 
708, 15:40:38, -0.0, -48.2, -46.8, 0.0, 0.0, 0.0, 0, 21, 0, 
709, 15:40:39, -0.0, -48.2, -46.8, 0.0, 0.0, 0.0, 0, 21, 0, 
710, 15:40:40, 0.0, -48.2, -46.8, 0.0, 0.0, 0.0, 0, 21, 0, 
711, 15:40:41, -0.0, -48.2, -46.8, 0.0, 0.0, 0.0, 0, 21, 0, 
712, 15:40:42, -0.0, -48.2, -46.8, 0.0, 0.0, 0.0, 0, 21, 0, 
713, 15:40:43, 0.0, -48.2, -46.8, 0.0, 0.0, 0.0, 0, 21, 0, 
714, 15:40:44, 0.0, -48.2, -46.8, 0.0, 0.0, 0.0, 0, 21, 0, 
715, 15:40:45, 0.0, -48.2, -46.8, 0.0, 0.0, 0.0, 0, 21, 0, 
716, 15:40:46, -0.0, -48.2, -46.8, 0.0, 0.0, 0.0, 0, 21, 0, 
717, 15:40:47, -0.0, -48.2, -46.8, 0.0, 0.0, 0.0, 0, 21, 0, 
718, 15:40:48, -0.0, -48.2, -46.8, 0.0, 0.0, 0.0, 0, 21, 0, 
719, 15:40:49, -0.0, -48.2, -46.8, 0.0, 0.0, 0.0, 0, 21, 0, 
720, 15:40:50, -0.0, -48.2, -46.8, 0.0, 0.0, 0.0, 0, 21, 0, 
721, 15:40:51, -0.0, -48.2, -46.8, 0.0, 0.0, 0.0, 0, 21, 0, 
722, 15:40:52, 0.0, -48.2, -46.8, 0.0, 0.0, 0.0, 0, 21, 0, 
723, 15:40:53, -0.0, -48.2, -46.8, 0.0, 0.0, 0.0, 0, 21, 0, 
724, 15:40:54, -0.0, -48.2, -46.7, 0.0, 0.0, 0.0, 0, 21, 0, 
725, 15:40:55, -0.0, -48.2, -46.8, 0.0, 0.0, 0.0, 0, 21, 0, 
726, 15:40:56, -0.0, -48.2, -46.8, 0.0, 0.0, 0.0, 0, 21, 0, 
727, 15:40:57, 0.0, -48.2, -46.8, 0.0, 0.0, 0.0, 0, 21, 0, 
728, 15:40:58, -0.0, -48.2, -46.8, 0.0, 0.0, 0.0, 0, 21, 0, 
729, 15:40:59, -0.0, -48.2, -46.8, 0.0, 0.0, 0.0, 0, 21, 0, 
730, 15:41:00, -0.0, -48.2, -46.8, 0.0, 0.0, 0.0, 0, 21, 0, 
731, 15:41:01, -0.0, -48.2, -46.8, 0.0, 0.0, 0.0, 0, 21, 0, 
732, 15:41:02, -0.0, -48.2, -46.8, 0.0, 0.0, 0.0, 0, 21, 0, 
733, 15:41:03, -0.0, -48.2, -46.8, 0.0, 0.0, 0.0, 0, 21, 0, 
734, 15:41:04, -0.0, -48.2, -46.8, 0.0, 0.0, 0.0, 0, 21, 0, 
735, 15:41:05, -0.0, -48.2, -46.8, 0.0, 0.0, 0.0, 0, 21, 0, 
736, 15:41:06, -0.0, -48.2, -46.8, 0.0, 0.0, 0.0, 0, 21, 0, 
737, 15:41:07, 0.0, -48.2, -46.8, 0.0, 0.0, 0.0, 0, 21, 0, 
738, 15:41:08, -0.0, -48.2, -46.8, 0.0, 0.0, 0.0, 0, 21, 0, 
739, 15:41:09, -0.0, -48.2, -46.8, 0.0, 0.0, 0.0, 0, 21, 0, 
740, 15:41:10, -0.0, -48.2, -46.8, 0.0, 0.0, 0.0, 0, 21, 0, 
741, 15:41:11, 0.0, -48.2, -46.8, 0.0, 0.0, 0.0, 0, 21, 0, 
742, 15:41:12, -0.0, -48.2, -46.8, 0.0, 0.0, 0.0, 0, 21, 0, 
743, 15:41:13, -0.0, -48.2, -46.8, 0.0, 0.0, 0.0, 0, 21, 0, 
744, 15:41:14, -0.0, -48.2, -46.8, 0.0, 0.0, 0.0, 0, 21, 0, 
745, 15:41:15, -0.0, -48.2, -46.8, 0.0, 0.0, 0.0, 0, 21, 0, 
746, 15:41:16, -0.0, -48.2, -46.8, 0.0, 0.0, 0.0, 0, 21, 0, 
747, 15:41:17, -0.0, -48.2, -46.8, 0.0, 0.0, 0.0, 0, 21, 0, 
748, 15:41:18, -0.0, -48.2, -46.8, 0.0, 0.0, 0.0, 0, 21, 0, 
749, 15:41:19, -0.0, -48.2, -46.8, 0.0, 0.0, 0.0, 0, 21, 0, 
750, 15:41:20, -0.0, -48.2, -46.8, 0.0, 0.0, 0.0, 0, 21, 0, 
751, 15:41:21, -0.0, -48.2, -46.8, 0.0, 0.0, 0.0, 0, 21, 0, 
752, 15:41:22, 0.0, -48.2, -46.8, 0.0, 0.0, 0.0, 0, 21, 0, 
753, 15:41:23, -0.0, -48.2, -46.8, 0.0, 0.0, 0.0, 0, 21, 0, 
754, 15:41:24, 0.0, -48.2, -46.8, 0.0, 0.0, 0.0, 0, 21, 0, 
755, 15:41:25, -0.0, -48.2, -46.8, 0.0, 0.0, 0.0, 0, 21, 0, 
756, 15:41:26, -0.0, -48.2, -46.7, 0.0, 0.0, 0.0, 0, 21, 0, 
757, 15:41:27, -0.0, -48.2, -46.8, 0.0, 0.0, 0.0, 0, 21, 0, 
758, 15:41:28, -0.0, -48.2, -46.8, 0.0, 0.0, 0.0, 0, 21, 0, 
759, 15:41:29, -0.0, -48.2, -46.8, 0.0, 0.0, 0.0, 0, 21, 0, 
760, 15:41:30, -0.0, -48.2, -46.8, 0.0, 0.0, 0.0, 0, 21, 0, 
761, 15:41:31, 0.0, -48.2, -46.8, 0.0, 0.0, 0.0, 0, 21, 0, 
762, 15:41:32, 0.0, -48.2, -46.8, 0.0, 0.0, 0.0, 0, 21, 0, 
763, 15:41:33, -0.0, -48.2, -46.8, 0.0, 0.0, 0.0, 0, 21, 0, 
764, 15:41:34, -0.0, -48.2, -46.8, 0.0, 0.0, 0.0, 0, 21, 0, 
765, 15:41:35, -0.0, -48.2, -46.8, 0.0, 0.0, 0.0, 0, 21, 0, 
766, 15:41:36, -0.0, -48.2, -46.8, 0.0, 0.0, 0.0, 0, 21, 0, 
767, 15:41:37, -0.0, -48.2, -46.8, 0.0, 0.0, 0.0, 0, 21, 0, 
768, 15:41:38, 0.0, -48.2, -46.9, 0.0, 0.0, 0.0, 0, 21, 0, 
769, 15:41:39, -0.0, -48.2, -46.8, 0.0, 0.0, 0.0, 0, 21, 0, 
770, 15:41:40, -0.0, -48.2, -46.8, 0.0, 0.0, 0.0, 0, 21, 0, 
771, 15:41:41, -0.0, -48.2, -46.8, 0.0, 0.0, 0.0, 0, 21, 0, 
772, 15:41:42, 0.0, -48.2, -46.8, 0.0, 0.0, 0.0, 0, 21, 0, 
773, 15:41:43, -0.0, -48.2, -46.8, 0.0, 0.0, 0.0, 0, 21, 0, 
774, 15:41:44, -0.0, -48.2, -46.8, 0.0, 0.0, 0.0, 0, 21, 0, 
775, 15:41:45, -0.0, -48.2, -46.8, 0.0, 0.0, 0.0, 0, 21, 0, 
776, 15:41:46, -0.0, -48.2, -46.8, 0.0, 0.0, 0.0, 0, 21, 0, 
777, 15:41:47, -0.0, -48.2, -46.7, 0.0, 0.0, 0.0, 0, 21, 0, 
778, 15:41:48, 0.0, -48.2, -46.8, 0.0, 0.0, 0.0, 0, 21, 0, 
779, 15:41:49, -0.0, -48.2, -46.8, 0.0, 0.0, 0.0, 0, 21, 0, 
780, 15:41:50, -0.0, -48.2, -46.8, 0.0, 0.0, 0.0, 0, 21, 0, 
781, 15:41:51, 0.0, -48.2, -46.8, 0.0, 0.0, 0.0, 0, 21, 0, 
782, 15:41:52, -0.0, -48.2, -46.8, 0.0, 0.0, 0.0, 0, 21, 0, 
783, 15:41:53, -0.0, -48.2, -46.8, 0.0, 0.0, 0.0, 0, 21, 0, 
784, 15:41:54, -0.0, -48.2, -46.8, 0.0, 0.0, 0.0, 0, 21, 0, 
785, 15:41:55, -0.0, -48.2, -46.8, 0.0, 0.0, 0.0, 0, 21, 0, 
786, 15:41:56, 0.0, -48.2, -46.8, 0.0, 0.0, 0.0, 0, 21, 0, 
787, 15:41:57, -0.0, -48.2, -46.8, 0.0, 0.0, 0.0, 0, 21, 0, 
788, 15:41:58, -0.0, -48.2, -46.8, 0.0, 0.0, 0.0, 0, 21, 0, 
789, 15:41:59, -0.0, -48.2, -46.8, 0.0, 0.0, 0.0, 0, 21, 0, 
790, 15:42:00, -0.0, -48.2, -46.8, 0.0, 0.0, 0.0, 0, 21, 0, 
791, 15:42:01, -0.0, -48.2, -46.8, 0.0, 0.0, 0.0, 0, 21, 0, 
792, 15:42:02, -0.0, -48.2, -46.8, 0.0, 0.0, 0.0, 0, 21, 0, 
793, 15:42:03, -0.0, -48.2, -46.7, 0.0, 0.0, 0.0, 0, 21, 0, 
794, 15:42:04, -0.0, -48.2, -46.8, 0.0, 0.0, 0.0, 0, 21, 0, 
795, 15:42:05, -0.0, -48.2, -46.8, 0.0, 0.0, 0.0, 0, 21, 0, 
796, 15:42:06, -0.0, -48.2, -46.7, 0.0, 0.0, 0.0, 0, 21, 0, 
797, 15:42:07, -0.0, -48.2, -46.8, 0.0, 0.0, 0.0, 0, 21, 0, 
798, 15:42:08, -0.0, -48.2, -46.8, 0.0, 0.0, 0.0, 0, 21, 0, 
799, 15:42:09, -0.0, -48.2, -46.8, 0.0, 0.0, 0.0, 0, 21, 0, 
800, 15:42:10, -0.0, -48.2, -46.8, 0.0, 0.0, 0.0, 0, 21, 0, 
801, 15:42:11, -0.0, -48.2, -46.8, 0.0, 0.0, 0.0, 0, 21, 0, 
802, 15:42:12, -0.0, -48.2, -46.8, 0.0, 0.0, 0.0, 0, 21, 0, 
803, 15:42:13, 0.0, -48.2, -46.8, 0.0, 0.0, 0.0, 0, 21, 0, 
804, 15:42:14, -0.0, -48.2, -46.8, 0.0, 0.0, 0.0, 0, 21, 0, 
805, 15:42:15, 0.0, -48.2, -46.8, 0.0, 0.0, 0.0, 0, 21, 0, 
806, 15:42:16, -0.0, -48.2, -46.8, 0.0, 0.0, 0.0, 0, 21, 0, 
807, 15:42:17, -0.0, -48.2, -46.8, 0.0, 0.0, 0.0, 0, 21, 0, 
808, 15:42:18, -0.0, -48.2, -46.8, 0.0, 0.0, 0.0, 0, 21, 0, 
809, 15:42:19, -0.0, -48.2, -46.8, 0.0, 0.0, 0.0, 0, 21, 0, 
810, 15:42:20, -0.0, -48.2, -46.8, 0.0, 0.0, 0.0, 0, 21, 0, 
811, 15:42:21, -0.0, -48.2, -46.8, 0.0, 0.0, 0.0, 0, 21, 0, 
812, 15:42:22, -0.0, -48.2, -46.8, 0.0, 0.0, 0.0, 0, 21, 0, 
813, 15:42:23, -0.0, -48.2, -46.8, 0.0, 0.0, 0.0, 0, 21, 0, 
814, 15:42:24, -0.0, -48.2, -46.8, 0.0, 0.0, 0.0, 0, 21, 0, 
815, 15:42:25, -0.0, -48.2, -46.8, 0.0, 0.0, 0.0, 0, 21, 0, 
816, 15:42:26, -0.0, -48.2, -46.8, 0.0, 0.0, 0.0, 0, 21, 0, 
817, 15:42:27, -0.0, -48.2, -46.7, 0.0, 0.0, 0.0, 0, 21, 0, 
818, 15:42:28, -0.0, -48.2, -46.8, 0.0, 0.0, 0.0, 0, 21, 0, 
819, 15:42:29, -0.0, -48.2, -46.7, 0.0, 0.0, 0.0, 0, 21, 0, 
820, 15:42:30, -0.0, -48.2, -46.8, 0.0, 0.0, 0.0, 0, 21, 0, 
821, 15:42:31, -0.0, -48.2, -46.8, 0.0, 0.0, 0.0, 0, 21, 0, 
822, 15:42:32, -0.0, -48.2, -46.8, 0.0, 0.0, 0.0, 0, 21, 0, 
823, 15:42:33, -0.0, -48.2, -46.8, 0.0, 0.0, 0.0, 0, 21, 0, 
824, 15:42:34, 0.0, -48.2, -46.8, 0.0, 0.0, 0.0, 0, 21, 0, 
825, 15:42:35, 0.0, -48.2, -46.8, 0.0, 0.0, 0.0, 0, 21, 0, 
826, 15:42:36, -0.0, -48.2, -46.8, 0.0, 0.0, 0.0, 0, 21, 0, 
827, 15:42:37, -0.0, -48.2, -46.8, 0.0, 0.0, 0.0, 0, 21, 0, 
828, 15:42:38, 0.0, -48.2, -46.8, 0.0, 0.0, 0.0, 0, 21, 0, 
829, 15:42:39, -0.0, -48.2, -46.8, 0.0, 0.0, 0.0, 0, 21, 0, 
830, 15:42:40, -0.0, -48.2, -46.8, 0.0, 0.0, 0.0, 0, 21, 0, 
831, 15:42:41, -0.0, -48.2, -46.7, 0.0, 0.0, 0.0, 0, 21, 0, 
832, 15:42:42, -0.0, -48.2, -46.8, 0.0, 0.0, 0.0, 0, 21, 0, 
833, 15:42:43, -0.0, -48.2, -46.8, 0.0, 0.0, 0.0, 0, 21, 0, 
834, 15:42:44, -0.0, -48.2, -46.7, 0.0, 0.0, 0.0, 0, 21, 0, 
835, 15:42:45, -0.0, -48.2, -46.8, 0.0, 0.0, 0.0, 0, 21, 0, 
836, 15:42:46, -0.0, -48.2, -46.8, 0.0, 0.0, 0.0, 0, 21, 0, 
837, 15:42:47, -0.0, -48.2, -46.8, 0.0, 0.0, 0.0, 0, 21, 0, 
838, 15:42:48, -0.0, -48.2, -46.8, 0.0, 0.0, 0.0, 0, 21, 0, 
839, 15:42:49, -0.0, -48.2, -46.8, 0.0, 0.0, 0.0, 0, 21, 0, 
840, 15:42:50, -0.0, -48.2, -46.8, 0.0, 0.0, 0.0, 0, 21, 0, 
841, 15:42:51, -0.0, -48.2, -46.8, 0.0, 0.0, 0.0, 0, 21, 0, 
842, 15:42:52, -0.0, -48.2, -46.8, 0.0, 0.0, 0.0, 0, 21, 0, 
843, 15:42:53, -0.0, -48.2, -46.8, 0.0, 0.0, 0.0, 0, 21, 0, 
844, 15:42:54, -0.0, -48.2, -46.8, 0.0, 0.0, 0.0, 0, 21, 0, 
845, 15:42:55, 0.0, -48.2, -46.8, 0.0, 0.0, 0.0, 0, 21, 0, 
846, 15:42:56, -0.0, -48.2, -46.8, 0.0, 0.0, 0.0, 0, 21, 0, 
847, 15:42:57, -0.0, -48.2, -46.8, 0.0, 0.0, 0.0, 0, 21, 0, 
848, 15:42:58, -0.0, -48.2, -46.8, 0.0, 0.0, 0.0, 0, 21, 0, 
849, 15:42:59, -0.0, -48.2, -46.8, 0.0, 0.0, 0.0, 0, 21, 0, 
850, 15:43:00, -0.0, -48.2, -46.8, 0.0, 0.0, 0.0, 0, 21, 0, 
851, 15:43:01, -0.0, -48.2, -46.8, 0.0, 0.0, 0.0, 0, 21, 0, 
852, 15:43:02, 0.0, -48.2, -46.8, 0.0, 0.0, 0.0, 0, 21, 0, 
853, 15:43:03, -0.0, -48.2, -46.8, 0.0, 0.0, 0.0, 0, 21, 0, 
854, 15:43:04, 0.0, -48.2, -46.8, 0.0, 0.0, 0.0, 0, 21, 0, 
855, 15:43:05, -0.0, -48.2, -46.8, 0.0, 0.0, 0.0, 0, 21, 0, 
856, 15:43:06, -0.0, -48.2, -46.8, 0.0, 0.0, 0.0, 0, 21, 0, 
857, 15:43:07, -0.0, -48.2, -46.8, 0.0, 0.0, 0.0, 0, 21, 0, 
858, 15:43:08, 0.0, -48.2, -46.8, 0.0, 0.0, 0.0, 0, 21, 0, 
859, 15:43:09, 0.0, -48.2, -46.8, 0.0, 0.0, 0.0, 0, 21, 0, 
860, 15:43:10, -0.0, -48.2, -46.8, 0.0, 0.0, 0.0, 0, 21, 0, 
861, 15:43:11, -0.0, -48.2, -46.8, 0.0, 0.0, 0.0, 0, 21, 0, 
862, 15:43:12, -0.0, -48.2, -46.8, 0.0, 0.0, 0.0, 0, 21, 0, 
863, 15:43:13, -0.0, -48.2, -46.8, 0.0, 0.0, 0.0, 0, 21, 0, 
864, 15:43:14, -0.0, -48.2, -46.8, 0.0, 0.0, 0.0, 0, 21, 0, 
865, 15:43:15, -0.0, -48.2, -46.8, 0.0, 0.0, 0.0, 0, 21, 0, 
866, 15:43:16, -0.0, -48.2, -46.8, 0.0, 0.0, 0.0, 0, 21, 0, 
867, 15:43:17, -0.0, -48.2, -46.8, 0.0, 0.0, 0.0, 0, 21, 0, 
868, 15:43:18, -0.0, -48.2, -46.8, 0.0, 0.0, 0.0, 0, 21, 0, 
869, 15:43:19, -0.0, -48.2, -46.8, 0.0, 0.0, 0.0, 0, 21, 0, 
870, 15:43:20, -0.0, -48.2, -46.7, 0.0, 0.0, 0.0, 0, 21, 0, 
871, 15:43:21, 0.0, -48.2, -46.8, 0.0, 0.0, 0.0, 0, 21, 0, 
872, 15:43:22, -0.0, -48.2, -46.8, 0.0, 0.0, 0.0, 0, 21, 0, 
873, 15:43:23, -0.0, -48.2, -46.8, 0.0, 0.0, 0.0, 0, 21, 0, 
874, 15:43:24, -0.0, -48.2, -46.8, 0.0, 0.0, 0.0, 0, 21, 0, 
875, 15:43:25, -0.0, -48.2, -46.7, 0.0, 0.0, 0.0, 0, 21, 0, 
876, 15:43:26, -0.0, -48.2, -46.8, 0.0, 0.0, 0.0, 0, 21, 0, 
877, 15:43:27, -0.0, -48.2, -46.8, 0.0, 0.0, 0.0, 0, 21, 0, 
878, 15:43:28, -0.0, -48.2, -46.8, 0.0, 0.0, 0.0, 0, 21, 0, 
879, 15:43:29, -0.0, -48.2, -46.8, 0.0, 0.0, 0.0, 0, 21, 0, 
880, 15:43:30, -0.0, -48.2, -46.8, 0.0, 0.0, 0.0, 0, 21, 0, 
881, 15:43:31, -0.0, -48.2, -46.8, 0.0, 0.0, 0.0, 0, 21, 0, 
882, 15:43:32, -0.0, -48.2, -46.8, 0.0, 0.0, 0.0, 0, 21, 0, 
883, 15:43:33, -0.0, -48.2, -46.8, 0.0, 0.0, 0.0, 0, 21, 0, 
884, 15:43:34, -0.0, -48.2, -46.8, 0.0, 0.0, 0.0, 0, 21, 0, 
885, 15:43:35, -0.0, -48.2, -46.8, 0.0, 0.0, 0.0, 0, 21, 0, 
886, 15:43:36, -0.0, -48.2, -46.8, 0.0, 0.0, 0.0, 0, 21, 0, 
887, 15:43:37, -0.0, -48.2, -46.8, 0.0, 0.0, 0.0, 0, 21, 0, 
888, 15:43:38, -0.0, -48.2, -46.8, 0.0, 0.0, 0.0, 0, 21, 0, 
889, 15:43:39, -0.0, -48.2, -46.7, 0.0, 0.0, 0.0, 0, 21, 0, 
890, 15:43:40, -0.0, -48.2, -46.7, 0.0, 0.0, 0.0, 0, 21, 0, 
891, 15:43:41, -0.0, -48.2, -46.8, 0.0, 0.0, 0.0, 0, 21, 0, 
892, 15:43:42, -0.0, -48.2, -46.8, 0.0, 0.0, 0.0, 0, 21, 0, 
893, 15:43:43, -0.0, -48.2, -46.8, 0.0, 0.0, 0.0, 0, 21, 0, 
894, 15:43:44, -0.0, -48.2, -46.8, 0.0, 0.0, 0.0, 0, 21, 0, 
895, 15:43:45, -0.0, -48.2, -46.8, 0.0, 0.0, 0.0, 0, 21, 0, 
896, 15:43:46, -0.0, -48.2, -46.8, 0.0, 0.0, 0.0, 0, 21, 0, 
897, 15:43:47, -0.0, -48.2, -46.8, 0.0, 0.0, 0.0, 0, 21, 0, 
898, 15:43:48, 0.0, -48.2, -46.8, 0.0, 0.0, 0.0, 0, 21, 0, 
899, 15:43:49, -0.0, -48.2, -46.8, 0.0, 0.0, 0.0, 0, 21, 0, 
900, 15:43:50, 0.0, -48.2, -46.8, 0.0, 0.0, 0.0, 0, 21, 0, 
901, 15:43:51, -0.0, -48.2, -46.8, 0.0, 0.0, 0.0, 0, 21, 0, 
902, 15:43:52, -0.0, -48.2, -46.8, 0.0, 0.0, 0.0, 0, 21, 0, 
903, 15:43:53, -0.0, -48.2, -46.7, 0.0, 0.0, 0.0, 0, 21, 0, 
904, 15:43:54, -0.0, -48.2, -46.8, 0.0, 0.0, 0.0, 0, 21, 0, 
905, 15:43:55, -0.0, -48.2, -46.8, 0.0, 0.0, 0.0, 0, 21, 0, 
906, 15:43:56, 0.0, -48.2, -46.8, 0.0, 0.0, 0.0, 0, 21, 0, 
907, 15:43:57, -0.0, -48.2, -46.8, 0.0, 0.0, 0.0, 0, 21, 0, 
908, 15:43:58, -0.0, -48.2, -46.7, 0.0, 0.0, 0.0, 0, 21, 0, 
909, 15:43:59, -0.0, -48.2, -46.8, 0.0, 0.0, 0.0, 0, 21, 0, 
910, 15:44:00, -0.0, -48.2, -46.8, 0.0, 0.0, 0.0, 0, 21, 0, 
911, 15:44:01, -0.0, -48.2, -46.8, 0.0, 0.0, 0.0, 0, 21, 0, 
912, 15:44:02, -0.0, -48.2, -46.8, 0.0, 0.0, 0.0, 0, 21, 0, 
913, 15:44:03, -0.0, -48.2, -46.7, 0.0, 0.0, 0.0, 0, 21, 0, 
914, 15:44:04, -0.0, -48.2, -46.8, 0.0, 0.0, 0.0, 0, 21, 0, 
915, 15:44:05, -0.0, -48.2, -46.8, 0.0, 0.0, 0.0, 0, 21, 0, 
916, 15:44:06, -0.0, -48.2, -46.8, 0.0, 0.0, 0.0, 0, 21, 0, 
917, 15:44:07, -0.0, -48.2, -46.8, 0.0, 0.0, 0.0, 0, 21, 0, 
918, 15:44:08, -0.0, -48.2, -46.8, 0.0, 0.0, 0.0, 0, 21, 0, 
919, 15:44:09, -0.0, -48.2, -46.8, 0.0, 0.0, 0.0, 0, 21, 0, 
920, 15:44:10, -0.0, -48.2, -46.8, 0.0, 0.0, 0.0, 0, 21, 0, 
921, 15:44:11, -0.0, -48.2, -46.8, 0.0, 0.0, 0.0, 0, 21, 0, 
922, 15:44:12, -0.0, -48.2, -46.8, 0.0, 0.0, 0.0, 0, 21, 0, 
923, 15:44:13, -0.0, -48.2, -46.8, 0.0, 0.0, 0.0, 0, 21, 0, 
924, 15:44:14, 0.0, -48.2, -46.8, 0.0, 0.0, 0.0, 0, 21, 0, 
925, 15:44:15, -0.0, -48.2, -46.8, 0.0, 0.0, 0.0, 0, 21, 0, Stop; 
